# CTIO/DECam.g from the SVO Filter Profile Service, 2026-09-28
# wavelength[nm] throughput
381.5000 5.400000e-04
382.0000 6.000000e-04
382.5000 6.000000e-04
383.0000 6.000000e-04
383.5000 7.000000e-04
384.0000 7.900000e-04
384.5000 8.700000e-04
385.0000 9.500000e-04
385.5000 1.030000e-03
386.0000 1.110000e-03
386.5000 1.230000e-03
387.0000 1.350000e-03
387.5000 1.470000e-03
388.0000 1.590000e-03
388.5000 1.780000e-03
389.0000 1.980000e-03
389.5000 2.180000e-03
390.0000 2.380000e-03
390.5000 2.370000e-03
391.0000 2.350000e-03
391.5000 3.340000e-03
392.0000 4.340000e-03
392.5000 6.590000e-03
393.0000 8.850000e-03
393.5000 1.112000e-02
394.0000 1.341000e-02
394.5000 1.368000e-02
395.0000 1.396000e-02
395.5000 4.649000e-02
396.0000 7.916000e-02
396.5000 1.134900e-01
397.0000 1.479200e-01
397.5000 1.824500e-01
398.0000 2.171000e-01
398.5000 2.170200e-01
399.0000 2.170200e-01
399.5000 2.294600e-01
400.0000 2.419600e-01
400.5000 2.478200e-01
401.0000 2.537700e-01
401.5000 2.597000e-01
402.0000 2.657000e-01
402.5000 2.678100e-01
403.0000 2.698900e-01
403.5000 2.721800e-01
404.0000 2.744700e-01
404.5000 2.751800e-01
405.0000 2.758900e-01
405.5000 2.791800e-01
406.0000 2.825500e-01
406.5000 2.845300e-01
407.0000 2.864500e-01
407.5000 2.907400e-01
408.0000 2.949400e-01
408.5000 2.956800e-01
409.0000 2.964500e-01
409.5000 2.990400e-01
410.0000 3.015800e-01
410.5000 3.034300e-01
411.0000 3.053000e-01
411.5000 3.072100e-01
412.0000 3.090600e-01
412.5000 3.104700e-01
413.0000 3.118500e-01
413.5000 3.142700e-01
414.0000 3.168100e-01
414.5000 3.183500e-01
415.0000 3.198600e-01
415.5000 3.248100e-01
416.0000 3.297000e-01
416.5000 3.327100e-01
417.0000 3.356500e-01
417.5000 3.386000e-01
418.0000 3.416000e-01
418.5000 3.425500e-01
419.0000 3.435700e-01
419.5000 3.442300e-01
420.0000 3.448500e-01
420.5000 3.455800e-01
421.0000 3.463000e-01
421.5000 3.487000e-01
422.0000 3.511100e-01
422.5000 3.518100e-01
423.0000 3.525100e-01
423.5000 3.584700e-01
424.0000 3.643700e-01
424.5000 3.663800e-01
425.0000 3.685800e-01
425.5000 3.708300e-01
426.0000 3.729600e-01
426.5000 3.747400e-01
427.0000 3.764500e-01
427.5000 3.804200e-01
428.0000 3.844600e-01
428.5000 3.851400e-01
429.0000 3.857700e-01
429.5000 3.901000e-01
430.0000 3.942900e-01
430.5000 3.959100e-01
431.0000 3.976500e-01
431.5000 3.994700e-01
432.0000 4.013800e-01
432.5000 4.036300e-01
433.0000 4.057200e-01
433.5000 4.077300e-01
434.0000 4.098700e-01
434.5000 4.123700e-01
435.0000 4.147700e-01
435.5000 4.174000e-01
436.0000 4.201100e-01
436.5000 4.224600e-01
437.0000 4.248000e-01
437.5000 4.271600e-01
438.0000 4.292500e-01
438.5000 4.319800e-01
439.0000 4.345700e-01
439.5000 4.374400e-01
440.0000 4.404800e-01
440.5000 4.425900e-01
441.0000 4.446400e-01
441.5000 4.465200e-01
442.0000 4.484400e-01
442.5000 4.500300e-01
443.0000 4.516000e-01
443.5000 4.532700e-01
444.0000 4.548900e-01
444.5000 4.563100e-01
445.0000 4.578200e-01
445.5000 4.595100e-01
446.0000 4.613500e-01
446.5000 4.630400e-01
447.0000 4.645000e-01
447.5000 4.659100e-01
448.0000 4.670500e-01
448.5000 4.685800e-01
449.0000 4.703800e-01
449.5000 4.723800e-01
450.0000 4.742000e-01
450.5000 4.758100e-01
451.0000 4.773900e-01
451.5000 4.789100e-01
452.0000 4.805400e-01
452.5000 4.826200e-01
453.0000 4.847400e-01
453.5000 4.869300e-01
454.0000 4.891600e-01
454.5000 4.904700e-01
455.0000 4.916300e-01
455.5000 4.927300e-01
456.0000 4.939400e-01
456.5000 4.947100e-01
457.0000 4.954800e-01
457.5000 4.962000e-01
458.0000 4.967200e-01
458.5000 4.984900e-01
459.0000 5.004500e-01
459.5000 5.024700e-01
460.0000 5.043900e-01
460.5000 5.062300e-01
461.0000 5.080800e-01
461.5000 5.099700e-01
462.0000 5.120200e-01
462.5000 5.136600e-01
463.0000 5.152100e-01
463.5000 5.166100e-01
464.0000 5.181000e-01
464.5000 5.195100e-01
465.0000 5.209700e-01
465.5000 5.225400e-01
466.0000 5.240100e-01
466.5000 5.244400e-01
467.0000 5.246000e-01
467.5000 5.248300e-01
468.0000 5.251500e-01
468.5000 5.260500e-01
469.0000 5.268900e-01
469.5000 5.277900e-01
470.0000 5.287500e-01
470.5000 5.300600e-01
471.0000 5.314400e-01
471.5000 5.328600e-01
472.0000 5.342400e-01
472.5000 5.361200e-01
473.0000 5.380000e-01
473.5000 5.397700e-01
474.0000 5.414300e-01
474.5000 5.432900e-01
475.0000 5.453600e-01
475.5000 5.474400e-01
476.0000 5.495200e-01
476.5000 5.501700e-01
477.0000 5.507600e-01
477.5000 5.513500e-01
478.0000 5.519000e-01
478.5000 5.523900e-01
479.0000 5.527800e-01
479.5000 5.530400e-01
480.0000 5.535400e-01
480.5000 5.550700e-01
481.0000 5.565400e-01
481.5000 5.580200e-01
482.0000 5.595600e-01
482.5000 5.603900e-01
483.0000 5.612900e-01
483.5000 5.621300e-01
484.0000 5.629800e-01
484.5000 5.630700e-01
485.0000 5.631100e-01
485.5000 5.632000e-01
486.0000 5.632800e-01
486.5000 5.649300e-01
487.0000 5.665800e-01
487.5000 5.679900e-01
488.0000 5.695900e-01
488.5000 5.710700e-01
489.0000 5.727700e-01
489.5000 5.747700e-01
490.0000 5.767000e-01
490.5000 5.776900e-01
491.0000 5.786200e-01
491.5000 5.794900e-01
492.0000 5.803700e-01
492.5000 5.801900e-01
493.0000 5.800800e-01
493.5000 5.799000e-01
494.0000 5.797300e-01
494.5000 5.802200e-01
495.0000 5.807600e-01
495.5000 5.813600e-01
496.0000 5.817900e-01
496.5000 5.839900e-01
497.0000 5.861200e-01
497.5000 5.883800e-01
498.0000 5.905800e-01
498.5000 5.920500e-01
499.0000 5.932800e-01
499.5000 5.945200e-01
500.0000 5.958200e-01
500.5000 5.967000e-01
501.0000 5.977000e-01
501.5000 5.987100e-01
502.0000 5.996500e-01
502.5000 5.999000e-01
503.0000 6.001600e-01
503.5000 6.003500e-01
504.0000 6.007200e-01
504.5000 6.017500e-01
505.0000 6.029100e-01
505.5000 6.038700e-01
506.0000 6.049100e-01
506.5000 6.065300e-01
507.0000 6.082800e-01
507.5000 6.099000e-01
508.0000 6.116500e-01
508.5000 6.128100e-01
509.0000 6.139700e-01
509.5000 6.151300e-01
510.0000 6.162300e-01
510.5000 6.161000e-01
511.0000 6.160400e-01
511.5000 6.157900e-01
512.0000 6.154800e-01
512.5000 6.160400e-01
513.0000 6.166700e-01
513.5000 6.174200e-01
514.0000 6.179900e-01
514.5000 6.195900e-01
515.0000 6.211900e-01
515.5000 6.227900e-01
516.0000 6.243900e-01
516.5000 6.252300e-01
517.0000 6.259400e-01
517.5000 6.267200e-01
518.0000 6.275000e-01
518.5000 6.284600e-01
519.0000 6.295500e-01
519.5000 6.306400e-01
520.0000 6.318700e-01
520.5000 6.334900e-01
521.0000 6.353100e-01
521.5000 6.371300e-01
522.0000 6.388800e-01
522.5000 6.402900e-01
523.0000 6.416300e-01
523.5000 6.429600e-01
524.0000 6.442300e-01
524.5000 6.449300e-01
525.0000 6.455700e-01
525.5000 6.462800e-01
526.0000 6.470500e-01
526.5000 6.472300e-01
527.0000 6.474100e-01
527.5000 6.477200e-01
528.0000 6.478300e-01
528.5000 6.482000e-01
529.0000 6.485700e-01
529.5000 6.490000e-01
530.0000 6.494300e-01
530.5000 6.504600e-01
531.0000 6.515000e-01
531.5000 6.524600e-01
532.0000 6.535600e-01
532.5000 6.545900e-01
533.0000 6.556900e-01
533.5000 6.567900e-01
534.0000 6.579000e-01
534.5000 6.592200e-01
535.0000 6.606200e-01
535.5000 6.619500e-01
536.0000 6.632900e-01
536.5000 6.627700e-01
537.0000 6.623200e-01
537.5000 6.618000e-01
538.0000 6.612200e-01
538.5000 6.596100e-01
539.0000 6.581200e-01
539.5000 6.565100e-01
540.0000 6.549600e-01
540.5000 6.564200e-01
541.0000 6.576700e-01
541.5000 6.590700e-01
542.0000 6.604500e-01
542.5000 6.648500e-01
543.0000 6.692500e-01
543.5000 6.734400e-01
544.0000 6.778500e-01
544.5000 6.556000e-01
545.0000 6.332800e-01
545.5000 6.108800e-01
546.0000 5.885500e-01
546.5000 5.051800e-01
547.0000 4.219000e-01
547.5000 3.383800e-01
548.0000 2.548800e-01
548.5000 2.034700e-01
549.0000 1.520000e-01
549.5000 1.005200e-01
550.0000 4.900000e-02
550.5000 3.950000e-02
551.0000 3.000000e-02
551.5000 2.049000e-02
552.0000 1.099000e-02
552.5000 8.870000e-03
553.0000 6.760000e-03
553.5000 4.640000e-03
554.0000 2.530000e-03
554.5000 2.130000e-03
555.0000 1.740000e-03
555.5000 1.340000e-03
556.0000 9.500000e-04
556.5000 8.500000e-04
557.0000 7.500000e-04
557.5000 6.500000e-04
558.0000 5.500000e-04
558.5000 5.100000e-04
