# CTIO/DECam.Y from the SVO Filter Profile Service, 2026-09-28
# wavelength[nm] throughput
930.0000 0.000000e+00
930.5000 2.620000e-03
931.0000 5.020000e-03
931.5000 5.100000e-03
932.0000 4.930000e-03
932.5000 5.030000e-03
933.0000 5.350000e-03
933.5000 5.540000e-03
934.0000 5.240000e-03
934.5000 5.280000e-03
935.0000 6.350000e-03
935.5000 7.020000e-03
936.0000 7.180000e-03
936.5000 7.730000e-03
937.0000 7.970000e-03
937.5000 9.110000e-03
938.0000 9.970000e-03
938.5000 1.083000e-02
939.0000 1.294000e-02
939.5000 1.602000e-02
940.0000 1.742000e-02
940.5000 1.802000e-02
941.0000 1.937000e-02
941.5000 2.298000e-02
942.0000 2.579000e-02
942.5000 2.629000e-02
943.0000 2.696000e-02
943.5000 3.461000e-02
944.0000 3.879000e-02
944.5000 4.279000e-02
945.0000 5.417000e-02
945.5000 5.597000e-02
946.0000 5.337000e-02
946.5000 8.182000e-02
947.0000 1.158300e-01
947.5000 1.165500e-01
948.0000 1.088500e-01
948.5000 1.636600e-01
949.0000 2.403900e-01
949.5000 2.293100e-01
950.0000 2.125500e-01
950.5000 3.027600e-01
951.0000 4.218300e-01
951.5000 4.564100e-01
952.0000 4.408800e-01
952.5000 4.617800e-01
953.0000 5.330000e-01
953.5000 5.744700e-01
954.0000 6.004600e-01
954.5000 6.112400e-01
955.0000 6.359600e-01
955.5000 6.314800e-01
956.0000 6.265100e-01
956.5000 6.343200e-01
957.0000 6.466600e-01
957.5000 6.942600e-01
958.0000 6.991800e-01
958.5000 6.775600e-01
959.0000 6.591200e-01
959.5000 6.457200e-01
960.0000 6.695200e-01
960.5000 6.897000e-01
961.0000 7.037100e-01
961.5000 7.176300e-01
962.0000 7.015100e-01
962.5000 6.730300e-01
963.0000 6.955000e-01
963.5000 7.173000e-01
964.0000 7.082800e-01
964.5000 7.082400e-01
965.0000 7.200500e-01
965.5000 7.385800e-01
966.0000 7.253900e-01
966.5000 6.991900e-01
967.0000 7.099000e-01
967.5000 7.551800e-01
968.0000 7.692400e-01
968.5000 7.544500e-01
969.0000 7.621600e-01
969.5000 7.704400e-01
970.0000 7.625800e-01
970.5000 7.584700e-01
971.0000 7.652100e-01
971.5000 7.546900e-01
972.0000 7.483900e-01
972.5000 7.435300e-01
973.0000 7.317700e-01
973.5000 7.232500e-01
974.0000 7.186100e-01
974.5000 7.093900e-01
975.0000 7.012100e-01
975.5000 7.016400e-01
976.0000 6.968800e-01
976.5000 7.013600e-01
977.0000 7.165600e-01
977.5000 7.215800e-01
978.0000 7.125600e-01
978.5000 7.058900e-01
979.0000 7.025200e-01
979.5000 6.977500e-01
980.0000 6.991000e-01
980.5000 7.007800e-01
981.0000 7.133800e-01
981.5000 7.150500e-01
982.0000 7.096600e-01
982.5000 7.028500e-01
983.0000 6.990800e-01
983.5000 7.039600e-01
984.0000 7.056200e-01
984.5000 6.991500e-01
985.0000 6.922900e-01
985.5000 6.926400e-01
986.0000 6.944300e-01
986.5000 6.922000e-01
987.0000 6.874100e-01
987.5000 6.816900e-01
988.0000 6.785100e-01
988.5000 6.757900e-01
989.0000 6.717000e-01
989.5000 6.668100e-01
990.0000 6.617200e-01
990.5000 6.579700e-01
991.0000 6.544700e-01
991.5000 6.500500e-01
992.0000 6.455500e-01
992.5000 6.404700e-01
993.0000 6.350800e-01
993.5000 6.317500e-01
994.0000 6.286700e-01
994.5000 6.250700e-01
995.0000 6.212800e-01
995.5000 6.164300e-01
996.0000 6.117600e-01
996.5000 6.070900e-01
997.0000 6.023000e-01
997.5000 5.977200e-01
998.0000 5.930900e-01
998.5000 5.885100e-01
999.0000 5.838700e-01
999.5000 5.785800e-01
1000.0000 5.735200e-01
1000.5000 5.688000e-01
1001.0000 5.636200e-01
1001.5000 5.573400e-01
1002.0000 5.510100e-01
1002.5000 5.462400e-01
1003.0000 5.417900e-01
1003.5000 5.363100e-01
1004.0000 5.303000e-01
1004.5000 5.246600e-01
1005.0000 5.191200e-01
1005.5000 5.137900e-01
1006.0000 5.086500e-01
1006.5000 5.034100e-01
1007.0000 4.981700e-01
1007.5000 4.922600e-01
1008.0000 4.862600e-01
1008.5000 4.803100e-01
1009.0000 4.740400e-01
1009.5000 4.674900e-01
1010.0000 4.618400e-01
1010.5000 4.564500e-01
1011.0000 4.507300e-01
1011.5000 4.453000e-01
1012.0000 4.397300e-01
1012.5000 4.345200e-01
1013.0000 4.293900e-01
1013.5000 4.236700e-01
1014.0000 4.178700e-01
1014.5000 4.120300e-01
1015.0000 4.063200e-01
1015.5000 4.008600e-01
1016.0000 3.953900e-01
1016.5000 3.899700e-01
1017.0000 3.843900e-01
1017.5000 3.785800e-01
1018.0000 3.728800e-01
1018.5000 3.669500e-01
1019.0000 3.607000e-01
1019.5000 3.550700e-01
1020.0000 3.498900e-01
1020.5000 3.445400e-01
1021.0000 3.390700e-01
1021.5000 3.335000e-01
1022.0000 3.278900e-01
1022.5000 3.223500e-01
1023.0000 3.166900e-01
1023.5000 3.109600e-01
1024.0000 3.053000e-01
1024.5000 3.000400e-01
1025.0000 2.947100e-01
1025.5000 2.895400e-01
1026.0000 2.844200e-01
1026.5000 2.793200e-01
1027.0000 2.741200e-01
1027.5000 2.693900e-01
1028.0000 2.648300e-01
1028.5000 2.602700e-01
1029.0000 2.556300e-01
1029.5000 2.505800e-01
1030.0000 2.455100e-01
1030.5000 2.403800e-01
1031.0000 2.352400e-01
1031.5000 2.301900e-01
1032.0000 2.251800e-01
1032.5000 2.201600e-01
1033.0000 2.151100e-01
1033.5000 2.093500e-01
1034.0000 2.036400e-01
1034.5000 1.979000e-01
1035.0000 1.921600e-01
1035.5000 1.861600e-01
1036.0000 1.801500e-01
1036.5000 1.741400e-01
1037.0000 1.681500e-01
1037.5000 1.647100e-01
1038.0000 1.613000e-01
1038.5000 1.578600e-01
1039.0000 1.544100e-01
1039.5000 1.521400e-01
1040.0000 1.498600e-01
1040.5000 1.475900e-01
1041.0000 1.453100e-01
1041.5000 1.432600e-01
1042.0000 1.412000e-01
1042.5000 1.391500e-01
1043.0000 1.371100e-01
1043.5000 1.350200e-01
1044.0000 1.329500e-01
1044.5000 1.308600e-01
1045.0000 1.287700e-01
1045.5000 1.267300e-01
1046.0000 1.247100e-01
1046.5000 1.226800e-01
1047.0000 1.206700e-01
1047.5000 1.188100e-01
1048.0000 1.169500e-01
1048.5000 1.150700e-01
1049.0000 1.131600e-01
1049.5000 1.110400e-01
1050.0000 1.089500e-01
1050.5000 1.068800e-01
1051.0000 1.047900e-01
1051.5000 1.032600e-01
1052.0000 1.017200e-01
1052.5000 1.001800e-01
1053.0000 9.865000e-02
1053.5000 9.754000e-02
1054.0000 9.642000e-02
1054.5000 9.531000e-02
1055.0000 9.418000e-02
1055.5000 9.342000e-02
1056.0000 9.266000e-02
1056.5000 9.189000e-02
1057.0000 9.113000e-02
1057.5000 9.005000e-02
1058.0000 8.897000e-02
1058.5000 8.789000e-02
1059.0000 8.683000e-02
1059.5000 8.432000e-02
1060.0000 8.183000e-02
1060.5000 7.934000e-02
1061.0000 7.684000e-02
1061.5000 7.184000e-02
1062.0000 6.683000e-02
1062.5000 6.183000e-02
1063.0000 5.684000e-02
1063.5000 5.083000e-02
1064.0000 4.482000e-02
1064.5000 3.883000e-02
1065.0000 3.284000e-02
1065.5000 2.834000e-02
1066.0000 2.386000e-02
1066.5000 1.937000e-02
1067.0000 1.488000e-02
1067.5000 1.260000e-02
1068.0000 1.033000e-02
1068.5000 8.060000e-03
1069.0000 5.790000e-03
1069.5000 2.900000e-03
1070.0000 0.000000e+00
