# CTIO/DECam.r from the SVO Filter Profile Service, 2026-09-28
# wavelength[nm] throughput
540.0000 0.000000e+00
540.5000 1.150000e-03
541.0000 2.290000e-03
541.5000 2.430000e-03
542.0000 2.570000e-03
542.5000 2.760000e-03
543.0000 2.960000e-03
543.5000 3.150000e-03
544.0000 3.350000e-03
544.5000 3.590000e-03
545.0000 3.830000e-03
545.5000 4.070000e-03
546.0000 4.310000e-03
546.5000 4.550000e-03
547.0000 4.810000e-03
547.5000 5.050000e-03
548.0000 5.300000e-03
548.5000 5.670000e-03
549.0000 6.030000e-03
549.5000 6.400000e-03
550.0000 6.760000e-03
550.5000 7.180000e-03
551.0000 7.610000e-03
551.5000 8.030000e-03
552.0000 8.460000e-03
552.5000 8.970000e-03
553.0000 9.480000e-03
553.5000 1.000000e-02
554.0000 1.051000e-02
554.5000 1.121000e-02
555.0000 1.191000e-02
555.5000 1.261000e-02
556.0000 1.331000e-02
556.5000 1.425000e-02
557.0000 1.518000e-02
557.5000 1.612000e-02
558.0000 1.705000e-02
558.5000 1.854000e-02
559.0000 2.004000e-02
559.5000 2.154000e-02
560.0000 2.303000e-02
560.5000 2.669000e-02
561.0000 3.035000e-02
561.5000 3.402000e-02
562.0000 3.768000e-02
562.5000 5.119000e-02
563.0000 6.472000e-02
563.5000 7.822000e-02
564.0000 9.173000e-02
564.5000 1.355600e-01
565.0000 1.794100e-01
565.5000 2.232800e-01
566.0000 2.671600e-01
566.5000 3.351600e-01
567.0000 4.031500e-01
567.5000 4.710000e-01
568.0000 5.387600e-01
568.5000 5.704800e-01
569.0000 6.023000e-01
569.5000 6.342800e-01
570.0000 6.664100e-01
570.5000 6.715500e-01
571.0000 6.767600e-01
571.5000 6.815600e-01
572.0000 6.862400e-01
572.5000 6.880100e-01
573.0000 6.898600e-01
573.5000 6.917700e-01
574.0000 6.936200e-01
574.5000 6.953800e-01
575.0000 6.973500e-01
575.5000 6.994700e-01
576.0000 7.015200e-01
576.5000 7.031000e-01
577.0000 7.046100e-01
577.5000 7.062000e-01
578.0000 7.079300e-01
578.5000 7.092100e-01
579.0000 7.104100e-01
579.5000 7.116800e-01
580.0000 7.128900e-01
580.5000 7.151800e-01
581.0000 7.175500e-01
581.5000 7.199200e-01
582.0000 7.221500e-01
582.5000 7.231800e-01
583.0000 7.241300e-01
583.5000 7.252300e-01
584.0000 7.261100e-01
584.5000 7.258300e-01
585.0000 7.257100e-01
585.5000 7.254300e-01
586.0000 7.250000e-01
586.5000 7.240600e-01
587.0000 7.231900e-01
587.5000 7.218800e-01
588.0000 7.200700e-01
588.5000 7.185700e-01
589.0000 7.172800e-01
589.5000 7.173700e-01
590.0000 7.176100e-01
590.5000 7.202500e-01
591.0000 7.228900e-01
591.5000 7.239300e-01
592.0000 7.244600e-01
592.5000 7.257500e-01
593.0000 7.284300e-01
593.5000 7.300100e-01
594.0000 7.295500e-01
594.5000 7.271800e-01
595.0000 7.279800e-01
595.5000 7.298700e-01
596.0000 7.303600e-01
596.5000 7.307600e-01
597.0000 7.306500e-01
597.5000 7.311200e-01
598.0000 7.318800e-01
598.5000 7.334600e-01
599.0000 7.344400e-01
599.5000 7.357200e-01
600.0000 7.369300e-01
600.5000 7.381900e-01
601.0000 7.394600e-01
601.5000 7.405700e-01
602.0000 7.418400e-01
602.5000 7.420000e-01
603.0000 7.422300e-01
603.5000 7.440300e-01
604.0000 7.459000e-01
604.5000 7.464200e-01
605.0000 7.468700e-01
605.5000 7.474000e-01
606.0000 7.480000e-01
606.5000 7.479400e-01
607.0000 7.479600e-01
607.5000 7.480600e-01
608.0000 7.480800e-01
608.5000 7.487800e-01
609.0000 7.495500e-01
609.5000 7.501700e-01
610.0000 7.509400e-01
610.5000 7.528700e-01
611.0000 7.546500e-01
611.5000 7.565800e-01
612.0000 7.583600e-01
612.5000 7.600400e-01
613.0000 7.617200e-01
613.5000 7.634800e-01
614.0000 7.651700e-01
614.5000 7.660800e-01
615.0000 7.669200e-01
615.5000 7.678400e-01
616.0000 7.687600e-01
616.5000 7.698200e-01
617.0000 7.707900e-01
617.5000 7.717700e-01
618.0000 7.728300e-01
618.5000 7.731800e-01
619.0000 7.736000e-01
619.5000 7.739500e-01
620.0000 7.741300e-01
620.5000 7.746600e-01
621.0000 7.751900e-01
621.5000 7.758000e-01
622.0000 7.762400e-01
622.5000 7.770200e-01
623.0000 7.777100e-01
623.5000 7.784900e-01
624.0000 7.791900e-01
624.5000 7.796800e-01
625.0000 7.802600e-01
625.5000 7.807600e-01
626.0000 7.811800e-01
626.5000 7.817000e-01
627.0000 7.812700e-01
627.5000 7.737100e-01
628.0000 7.617600e-01
628.5000 7.667400e-01
629.0000 7.751800e-01
629.5000 7.760200e-01
630.0000 7.778000e-01
630.5000 7.813000e-01
631.0000 7.841800e-01
631.5000 7.865800e-01
632.0000 7.886000e-01
632.5000 7.900100e-01
633.0000 7.910300e-01
633.5000 7.919000e-01
634.0000 7.924500e-01
634.5000 7.936600e-01
635.0000 7.948700e-01
635.5000 7.962500e-01
636.0000 7.973800e-01
636.5000 7.987800e-01
637.0000 7.998600e-01
637.5000 8.012600e-01
638.0000 8.025900e-01
638.5000 8.030900e-01
639.0000 8.034300e-01
639.5000 8.039400e-01
640.0000 8.042800e-01
640.5000 8.049100e-01
641.0000 8.055400e-01
641.5000 8.061800e-01
642.0000 8.067300e-01
642.5000 8.069700e-01
643.0000 8.073000e-01
643.5000 8.074600e-01
644.0000 8.077100e-01
644.5000 8.077900e-01
645.0000 8.078700e-01
645.5000 8.077000e-01
646.0000 8.072100e-01
646.5000 8.069000e-01
647.0000 8.061800e-01
647.5000 8.053000e-01
648.0000 8.056400e-01
648.5000 8.066700e-01
649.0000 8.076100e-01
649.5000 8.083200e-01
650.0000 8.100800e-01
650.5000 8.116000e-01
651.0000 8.114200e-01
651.5000 8.092000e-01
652.0000 8.087000e-01
652.5000 8.120500e-01
653.0000 8.145200e-01
653.5000 8.155100e-01
654.0000 8.166800e-01
654.5000 8.172000e-01
655.0000 8.178900e-01
655.5000 8.192300e-01
656.0000 8.209100e-01
656.5000 8.220400e-01
657.0000 8.230100e-01
657.5000 8.235600e-01
658.0000 8.246900e-01
658.5000 8.254000e-01
659.0000 8.261000e-01
659.5000 8.268900e-01
660.0000 8.271800e-01
660.5000 8.274000e-01
661.0000 8.277000e-01
661.5000 8.279900e-01
662.0000 8.281300e-01
662.5000 8.278800e-01
663.0000 8.274700e-01
663.5000 8.273900e-01
664.0000 8.270600e-01
664.5000 8.273700e-01
665.0000 8.276700e-01
665.5000 8.280700e-01
666.0000 8.283800e-01
666.5000 8.296300e-01
667.0000 8.308800e-01
667.5000 8.321300e-01
668.0000 8.333000e-01
668.5000 8.345400e-01
669.0000 8.356100e-01
669.5000 8.367700e-01
670.0000 8.379200e-01
670.5000 8.383800e-01
671.0000 8.389200e-01
671.5000 8.395500e-01
672.0000 8.400000e-01
672.5000 8.400700e-01
673.0000 8.400600e-01
673.5000 8.401300e-01
674.0000 8.401200e-01
674.5000 8.400300e-01
675.0000 8.398600e-01
675.5000 8.395100e-01
676.0000 8.393400e-01
676.5000 8.394700e-01
677.0000 8.396100e-01
677.5000 8.399100e-01
678.0000 8.400500e-01
678.5000 8.406800e-01
679.0000 8.413100e-01
679.5000 8.421200e-01
680.0000 8.427500e-01
680.5000 8.429600e-01
681.0000 8.433400e-01
681.5000 8.437200e-01
682.0000 8.441000e-01
682.5000 8.444400e-01
683.0000 8.447800e-01
683.5000 8.451100e-01
684.0000 8.452800e-01
684.5000 8.454900e-01
685.0000 8.457000e-01
685.5000 8.457400e-01
686.0000 8.410400e-01
686.5000 7.977800e-01
687.0000 6.910700e-01
687.5000 6.409500e-01
688.0000 6.981800e-01
688.5000 7.456900e-01
689.0000 7.329600e-01
689.5000 7.324200e-01
690.0000 7.499900e-01
690.5000 7.638200e-01
691.0000 7.799300e-01
691.5000 7.923100e-01
692.0000 8.030100e-01
692.5000 8.140600e-01
693.0000 8.224200e-01
693.5000 8.258800e-01
694.0000 8.266400e-01
694.5000 8.283500e-01
695.0000 8.312500e-01
695.5000 8.329100e-01
696.0000 8.326200e-01
696.5000 8.364200e-01
697.0000 8.409800e-01
697.5000 8.419000e-01
698.0000 8.411400e-01
698.5000 8.389400e-01
699.0000 8.358100e-01
699.5000 8.358800e-01
700.0000 8.375700e-01
700.5000 8.379700e-01
701.0000 8.379600e-01
701.5000 8.385300e-01
702.0000 8.391100e-01
702.5000 8.379400e-01
703.0000 8.377800e-01
703.5000 8.393800e-01
704.0000 8.379500e-01
704.5000 8.363700e-01
705.0000 8.347000e-01
705.5000 8.326200e-01
706.0000 8.314500e-01
706.5000 8.279400e-01
707.0000 8.244200e-01
707.5000 8.203100e-01
708.0000 8.162100e-01
708.5000 8.103800e-01
709.0000 8.043000e-01
709.5000 7.979700e-01
710.0000 7.912400e-01
710.5000 7.855100e-01
711.0000 7.800100e-01
711.5000 7.745100e-01
712.0000 7.688500e-01
712.5000 7.383100e-01
713.0000 7.075600e-01
713.5000 6.771700e-01
714.0000 6.467100e-01
714.5000 5.758000e-01
715.0000 5.048300e-01
715.5000 4.342600e-01
716.0000 3.633000e-01
716.5000 3.043500e-01
717.0000 2.439100e-01
717.5000 1.854200e-01
718.0000 1.298800e-01
718.5000 1.062200e-01
719.0000 8.363000e-02
719.5000 6.210000e-02
720.0000 4.046000e-02
720.5000 3.360000e-02
721.0000 2.699000e-02
721.5000 2.003000e-02
722.0000 1.256000e-02
722.5000 1.114000e-02
723.0000 9.610000e-03
723.5000 8.060000e-03
724.0000 6.710000e-03
724.5000 5.680000e-03
725.0000 4.660000e-03
725.5000 3.630000e-03
726.0000 2.600000e-03
726.5000 2.250000e-03
727.0000 1.910000e-03
727.5000 1.550000e-03
728.0000 1.210000e-03
728.5000 1.100000e-03
729.0000 9.600000e-04
729.5000 8.300000e-04
730.0000 7.100000e-04
730.5000 6.600000e-04
731.0000 6.100000e-04
731.5000 5.600000e-04
732.0000 5.200000e-04
732.5000 4.900000e-04
733.0000 4.600000e-04
733.5000 4.300000e-04
734.0000 4.000000e-04
734.5000 2.000000e-04
735.0000 0.000000e+00
