# CTIO/DECam.z from the SVO Filter Profile Service, 2026-09-28
# wavelength[nm] throughput
825.0000 0.000000e+00
825.5000 2.180000e-03
826.0000 4.340000e-03
826.5000 4.670000e-03
827.0000 4.970000e-03
827.5000 5.280000e-03
828.0000 5.630000e-03
828.5000 5.660000e-03
829.0000 5.650000e-03
829.5000 5.660000e-03
830.0000 5.710000e-03
830.5000 6.010000e-03
831.0000 6.360000e-03
831.5000 6.840000e-03
832.0000 7.240000e-03
832.5000 7.760000e-03
833.0000 8.310000e-03
833.5000 8.780000e-03
834.0000 9.270000e-03
834.5000 1.135000e-02
835.0000 1.339000e-02
835.5000 1.376000e-02
836.0000 1.414000e-02
836.5000 1.454000e-02
837.0000 1.495000e-02
837.5000 1.534000e-02
838.0000 1.573000e-02
838.5000 1.958000e-02
839.0000 2.342000e-02
839.5000 2.590000e-02
840.0000 2.835000e-02
840.5000 3.079000e-02
841.0000 3.322000e-02
841.5000 3.571000e-02
842.0000 3.819000e-02
842.5000 5.742000e-02
843.0000 7.663000e-02
843.5000 7.432000e-02
844.0000 7.206000e-02
844.5000 9.308000e-02
845.0000 1.141100e-01
845.5000 1.351600e-01
846.0000 1.561400e-01
846.5000 2.401800e-01
847.0000 3.244100e-01
847.5000 3.221400e-01
848.0000 3.196800e-01
848.5000 3.808900e-01
849.0000 4.421600e-01
849.5000 5.035300e-01
850.0000 5.648800e-01
850.5000 6.163300e-01
851.0000 6.676400e-01
851.5000 7.189700e-01
852.0000 7.706700e-01
852.5000 8.022200e-01
853.0000 8.335600e-01
853.5000 8.646700e-01
854.0000 8.955900e-01
854.5000 9.048800e-01
855.0000 9.144400e-01
855.5000 9.239100e-01
856.0000 9.333900e-01
856.5000 9.319300e-01
857.0000 9.302900e-01
857.5000 9.350700e-01
858.0000 9.401400e-01
858.5000 9.320700e-01
859.0000 9.237100e-01
859.5000 9.234900e-01
860.0000 9.234400e-01
860.5000 9.251600e-01
861.0000 9.267800e-01
861.5000 9.293600e-01
862.0000 9.317400e-01
862.5000 9.362800e-01
863.0000 9.410100e-01
863.5000 9.451600e-01
864.0000 9.493200e-01
864.5000 9.504900e-01
865.0000 9.513700e-01
865.5000 9.500700e-01
866.0000 9.490600e-01
866.5000 9.520100e-01
867.0000 9.549700e-01
867.5000 9.545800e-01
868.0000 9.540800e-01
868.5000 9.536900e-01
869.0000 9.533900e-01
869.5000 9.534300e-01
870.0000 9.534600e-01
870.5000 9.535000e-01
871.0000 9.536400e-01
871.5000 9.539400e-01
872.0000 9.542300e-01
872.5000 9.546300e-01
873.0000 9.549300e-01
873.5000 9.545800e-01
874.0000 9.544300e-01
874.5000 9.562000e-01
875.0000 9.579700e-01
875.5000 9.589200e-01
876.0000 9.598700e-01
876.5000 9.608200e-01
877.0000 9.617600e-01
877.5000 9.628700e-01
878.0000 9.637900e-01
878.5000 9.648000e-01
879.0000 9.659000e-01
879.5000 9.665500e-01
880.0000 9.672000e-01
880.5000 9.677500e-01
881.0000 9.683100e-01
881.5000 9.690200e-01
882.0000 9.696400e-01
882.5000 9.702500e-01
883.0000 9.711600e-01
883.5000 9.714000e-01
884.0000 9.719400e-01
884.5000 9.723800e-01
885.0000 9.726200e-01
885.5000 9.727000e-01
886.0000 9.722900e-01
886.5000 9.729500e-01
887.0000 9.739000e-01
887.5000 9.744700e-01
888.0000 9.742600e-01
888.5000 9.752300e-01
889.0000 9.768800e-01
889.5000 9.747100e-01
890.0000 9.719600e-01
890.5000 9.719700e-01
891.0000 9.724700e-01
891.5000 9.715600e-01
892.0000 9.698700e-01
892.5000 9.684800e-01
893.0000 9.634900e-01
893.5000 9.602600e-01
894.0000 9.609100e-01
894.5000 9.558400e-01
895.0000 9.457200e-01
895.5000 9.322200e-01
896.0000 9.225200e-01
896.5000 9.091300e-01
897.0000 9.038900e-01
897.5000 9.134800e-01
898.0000 9.190900e-01
898.5000 8.854300e-01
899.0000 8.427000e-01
899.5000 8.637200e-01
900.0000 8.924600e-01
900.5000 8.861300e-01
901.0000 8.916600e-01
901.5000 8.998400e-01
902.0000 8.974800e-01
902.5000 8.930000e-01
903.0000 9.059200e-01
903.5000 9.377500e-01
904.0000 9.578000e-01
904.5000 9.550000e-01
905.0000 9.507400e-01
905.5000 9.517100e-01
906.0000 9.497400e-01
906.5000 9.285800e-01
907.0000 9.044100e-01
907.5000 8.956700e-01
908.0000 8.937100e-01
908.5000 8.960700e-01
909.0000 8.961600e-01
909.5000 9.007400e-01
910.0000 9.034500e-01
910.5000 8.958100e-01
911.0000 9.060900e-01
911.5000 9.115800e-01
912.0000 9.026600e-01
912.5000 9.131900e-01
913.0000 8.915300e-01
913.5000 8.681400e-01
914.0000 8.861400e-01
914.5000 9.167100e-01
915.0000 9.093000e-01
915.5000 8.690100e-01
916.0000 8.799500e-01
916.5000 9.213000e-01
917.0000 9.239800e-01
917.5000 8.967200e-01
918.0000 8.854900e-01
918.5000 9.091700e-01
919.0000 9.320000e-01
919.5000 9.373400e-01
920.0000 9.360600e-01
920.5000 9.472200e-01
921.0000 9.466200e-01
921.5000 9.362300e-01
922.0000 9.343900e-01
922.5000 9.412600e-01
923.0000 9.401900e-01
923.5000 9.339600e-01
924.0000 9.268900e-01
924.5000 9.205200e-01
925.0000 9.170300e-01
925.5000 9.190400e-01
926.0000 9.200900e-01
926.5000 9.196000e-01
927.0000 9.215700e-01
927.5000 8.982500e-01
928.0000 8.669400e-01
928.5000 8.584900e-01
929.0000 8.463800e-01
929.5000 8.277700e-01
930.0000 7.919500e-01
930.5000 7.589500e-01
931.0000 7.270500e-01
931.5000 6.930400e-01
932.0000 6.308000e-01
932.5000 6.079900e-01
933.0000 6.129100e-01
933.5000 5.932200e-01
934.0000 5.261900e-01
934.5000 4.996500e-01
935.0000 5.677800e-01
935.5000 5.861300e-01
936.0000 5.613900e-01
936.5000 5.677500e-01
937.0000 5.522100e-01
937.5000 5.790600e-01
938.0000 5.853500e-01
938.5000 5.904000e-01
939.0000 6.579400e-01
939.5000 7.288800e-01
940.0000 7.164500e-01
940.5000 6.752300e-01
941.0000 6.657100e-01
941.5000 6.817400e-01
942.0000 6.724400e-01
942.5000 6.106100e-01
943.0000 5.640400e-01
943.5000 5.943000e-01
944.0000 5.641500e-01
944.5000 5.422700e-01
945.0000 6.084600e-01
945.5000 6.197700e-01
946.0000 5.828100e-01
946.5000 5.980000e-01
947.0000 6.363000e-01
947.5000 6.318400e-01
948.0000 5.824500e-01
948.5000 6.027900e-01
949.0000 6.753300e-01
949.5000 6.366600e-01
950.0000 5.832900e-01
950.5000 6.231400e-01
951.0000 6.953400e-01
951.5000 6.866900e-01
952.0000 6.101700e-01
952.5000 5.917400e-01
953.0000 6.359700e-01
953.5000 6.620500e-01
954.0000 6.691900e-01
954.5000 6.594800e-01
955.0000 6.649900e-01
955.5000 6.550500e-01
956.0000 6.447700e-01
956.5000 6.477000e-01
957.0000 6.551900e-01
957.5000 7.031500e-01
958.0000 7.078700e-01
958.5000 6.857200e-01
959.0000 6.668100e-01
959.5000 6.529800e-01
960.0000 6.767600e-01
960.5000 6.968600e-01
961.0000 7.107200e-01
961.5000 7.248900e-01
962.0000 7.087100e-01
962.5000 6.800400e-01
963.0000 7.028600e-01
963.5000 7.246400e-01
964.0000 7.152900e-01
964.5000 7.150000e-01
965.0000 7.266800e-01
965.5000 7.458300e-01
966.0000 7.329300e-01
966.5000 7.068700e-01
967.0000 7.181300e-01
967.5000 7.643500e-01
968.0000 7.790300e-01
968.5000 7.644800e-01
969.0000 7.727300e-01
969.5000 7.810300e-01
970.0000 7.729700e-01
970.5000 7.687100e-01
971.0000 7.754500e-01
971.5000 7.669200e-01
972.0000 7.626600e-01
972.5000 7.598400e-01
973.0000 7.499600e-01
973.5000 7.418700e-01
974.0000 7.377700e-01
974.5000 7.289400e-01
975.0000 7.211700e-01
975.5000 7.215700e-01
976.0000 7.166400e-01
976.5000 7.212100e-01
977.0000 7.368000e-01
977.5000 7.420600e-01
978.0000 7.328900e-01
978.5000 7.261400e-01
979.0000 7.227800e-01
979.5000 7.170000e-01
980.0000 7.175000e-01
980.5000 7.183400e-01
981.0000 7.303400e-01
981.5000 7.310100e-01
982.0000 7.244700e-01
982.5000 7.164800e-01
983.0000 7.116100e-01
983.5000 7.160400e-01
984.0000 7.171900e-01
984.5000 7.100800e-01
985.0000 7.025800e-01
985.5000 7.017900e-01
986.0000 7.024300e-01
986.5000 6.990100e-01
987.0000 6.929900e-01
987.5000 6.881500e-01
988.0000 6.858700e-01
988.5000 6.840600e-01
989.0000 6.808600e-01
989.5000 6.767900e-01
990.0000 6.725400e-01
990.5000 6.696300e-01
991.0000 6.669900e-01
991.5000 6.622900e-01
992.0000 6.575100e-01
992.5000 6.521500e-01
993.0000 6.464600e-01
993.5000 6.307700e-01
994.0000 6.152900e-01
994.5000 5.992800e-01
995.0000 5.830900e-01
995.5000 5.518300e-01
996.0000 5.207400e-01
996.5000 4.896400e-01
997.0000 4.584500e-01
997.5000 4.169600e-01
998.0000 3.754400e-01
998.5000 3.339600e-01
999.0000 2.924500e-01
999.5000 2.572800e-01
1000.0000 2.222300e-01
1000.5000 1.872700e-01
1001.0000 1.521500e-01
1001.5000 1.301700e-01
1002.0000 1.082500e-01
1002.5000 8.664000e-02
1003.0000 6.503000e-02
1003.5000 5.532000e-02
1004.0000 4.555000e-02
1004.5000 3.582000e-02
1005.0000 2.610000e-02
1005.5000 2.229000e-02
1006.0000 1.848000e-02
1006.5000 1.467000e-02
1007.0000 1.086000e-02
1007.5000 9.580000e-03
1008.0000 8.300000e-03
1008.5000 7.010000e-03
1009.0000 5.730000e-03
1009.5000 5.120000e-03
1010.0000 4.530000e-03
1010.5000 3.930000e-03
1011.0000 3.330000e-03
1011.5000 2.930000e-03
1012.0000 2.520000e-03
1012.5000 2.120000e-03
1013.0000 1.710000e-03
1013.5000 1.740000e-03
1014.0000 1.770000e-03
1014.5000 8.900000e-04
1015.0000 0.000000e+00
