# CTIO/DECam.i from the SVO Filter Profile Service, 2026-09-28
# wavelength[nm] throughput
675.0000 0.000000e+00
675.5000 4.000000e-04
676.0000 7.900000e-04
676.5000 8.500000e-04
677.0000 9.100000e-04
677.5000 9.800000e-04
678.0000 1.040000e-03
678.5000 1.100000e-03
679.0000 1.160000e-03
679.5000 1.220000e-03
680.0000 1.280000e-03
680.5000 1.350000e-03
681.0000 1.430000e-03
681.5000 1.510000e-03
682.0000 1.590000e-03
682.5000 1.690000e-03
683.0000 1.790000e-03
683.5000 1.890000e-03
684.0000 1.990000e-03
684.5000 2.120000e-03
685.0000 2.260000e-03
685.5000 2.400000e-03
686.0000 2.520000e-03
686.5000 2.560000e-03
687.0000 2.370000e-03
687.5000 2.330000e-03
688.0000 2.690000e-03
688.5000 3.080000e-03
689.0000 3.230000e-03
689.5000 3.420000e-03
690.0000 3.710000e-03
690.5000 4.080000e-03
691.0000 4.470000e-03
691.5000 4.850000e-03
692.0000 5.230000e-03
692.5000 5.860000e-03
693.0000 6.490000e-03
693.5000 7.090000e-03
694.0000 7.670000e-03
694.5000 8.860000e-03
695.0000 1.007000e-02
695.5000 1.126000e-02
696.0000 1.244000e-02
696.5000 1.533000e-02
697.0000 1.827000e-02
697.5000 2.116000e-02
698.0000 2.400000e-02
698.5000 3.067000e-02
699.0000 3.727000e-02
699.5000 4.398000e-02
700.0000 5.079000e-02
700.5000 6.447000e-02
701.0000 7.812000e-02
701.5000 9.183000e-02
702.0000 1.055500e-01
702.5000 1.285500e-01
703.0000 1.517400e-01
703.5000 1.753600e-01
704.0000 1.984200e-01
704.5000 2.309700e-01
705.0000 2.635200e-01
705.5000 2.959300e-01
706.0000 3.286900e-01
706.5000 3.665800e-01
707.0000 4.045500e-01
707.5000 4.422800e-01
708.0000 4.800200e-01
708.5000 5.167000e-01
709.0000 5.532700e-01
709.5000 5.897100e-01
710.0000 6.258400e-01
710.5000 6.560800e-01
711.0000 6.865300e-01
711.5000 7.170100e-01
712.0000 7.473800e-01
712.5000 7.682400e-01
713.0000 7.888600e-01
713.5000 8.098700e-01
714.0000 8.308100e-01
714.5000 8.418100e-01
715.0000 8.525400e-01
715.5000 8.637700e-01
716.0000 8.739300e-01
716.5000 8.727300e-01
717.0000 8.632700e-01
717.5000 8.539900e-01
718.0000 8.520200e-01
718.5000 8.409100e-01
719.0000 8.343800e-01
719.5000 8.372200e-01
720.0000 8.398800e-01
720.5000 8.474100e-01
721.0000 8.668800e-01
721.5000 8.857300e-01
722.0000 8.916400e-01
722.5000 8.901300e-01
723.0000 8.786500e-01
723.5000 8.606100e-01
724.0000 8.593400e-01
724.5000 8.624100e-01
725.0000 8.683200e-01
725.5000 8.734300e-01
726.0000 8.815700e-01
726.5000 8.832100e-01
727.0000 8.841100e-01
727.5000 8.802000e-01
728.0000 8.813600e-01
728.5000 8.942600e-01
729.0000 8.936400e-01
729.5000 8.962800e-01
730.0000 9.029100e-01
730.5000 8.996200e-01
731.0000 8.994000e-01
731.5000 9.010300e-01
732.0000 9.051500e-01
732.5000 9.118900e-01
733.0000 9.138900e-01
733.5000 9.127500e-01
734.0000 9.136400e-01
734.5000 9.138600e-01
735.0000 9.128800e-01
735.5000 9.127400e-01
736.0000 9.115800e-01
736.5000 9.121700e-01
737.0000 9.136700e-01
737.5000 9.165700e-01
738.0000 9.189100e-01
738.5000 9.208000e-01
739.0000 9.230600e-01
739.5000 9.251400e-01
740.0000 9.274000e-01
740.5000 9.296000e-01
741.0000 9.311500e-01
741.5000 9.325200e-01
742.0000 9.340700e-01
742.5000 9.342800e-01
743.0000 9.348700e-01
743.5000 9.356500e-01
744.0000 9.359600e-01
744.5000 9.355100e-01
745.0000 9.353500e-01
745.5000 9.349900e-01
746.0000 9.348200e-01
746.5000 9.346900e-01
747.0000 9.344700e-01
747.5000 9.341400e-01
748.0000 9.339200e-01
748.5000 9.343700e-01
749.0000 9.347200e-01
749.5000 9.351700e-01
750.0000 9.355300e-01
750.5000 9.358100e-01
751.0000 9.363700e-01
751.5000 9.368400e-01
752.0000 9.372100e-01
752.5000 9.375800e-01
753.0000 9.379500e-01
753.5000 9.382200e-01
754.0000 9.384900e-01
754.5000 9.379900e-01
755.0000 9.375700e-01
755.5000 9.371600e-01
756.0000 9.365600e-01
756.5000 9.357700e-01
757.0000 9.348800e-01
757.5000 9.339900e-01
758.0000 9.329200e-01
758.5000 9.245800e-01
759.0000 8.757700e-01
759.5000 6.938700e-01
760.0000 4.359200e-01
760.5000 3.024700e-01
761.0000 3.184600e-01
761.5000 4.555300e-01
762.0000 5.992200e-01
762.5000 5.790300e-01
763.0000 5.007300e-01
763.5000 5.019800e-01
764.0000 5.458300e-01
764.5000 5.994500e-01
765.0000 6.628200e-01
765.5000 7.203000e-01
766.0000 7.667800e-01
766.5000 8.061500e-01
767.0000 8.479000e-01
767.5000 8.757400e-01
768.0000 8.916800e-01
768.5000 9.015200e-01
769.0000 9.082800e-01
769.5000 9.146700e-01
770.0000 9.225500e-01
770.5000 9.282600e-01
771.0000 9.308900e-01
771.5000 9.321300e-01
772.0000 9.329900e-01
772.5000 9.337700e-01
773.0000 9.343600e-01
773.5000 9.351300e-01
774.0000 9.358200e-01
774.5000 9.376900e-01
775.0000 9.392800e-01
775.5000 9.410600e-01
776.0000 9.425500e-01
776.5000 9.434100e-01
777.0000 9.440800e-01
777.5000 9.448400e-01
778.0000 9.454200e-01
778.5000 9.456500e-01
779.0000 9.458900e-01
779.5000 9.460300e-01
780.0000 9.463600e-01
780.5000 9.458500e-01
781.0000 9.454400e-01
781.5000 9.450200e-01
782.0000 9.446100e-01
782.5000 9.441600e-01
783.0000 9.437200e-01
783.5000 9.432800e-01
784.0000 9.429300e-01
784.5000 9.431000e-01
785.0000 9.431700e-01
785.5000 9.433400e-01
786.0000 9.434100e-01
786.5000 9.428700e-01
787.0000 9.424200e-01
787.5000 9.424500e-01
788.0000 9.421000e-01
788.5000 9.405300e-01
789.0000 9.380200e-01
789.5000 9.356100e-01
790.0000 9.342300e-01
790.5000 9.326800e-01
791.0000 9.312200e-01
791.5000 9.303200e-01
792.0000 9.286600e-01
792.5000 9.253100e-01
793.0000 9.234400e-01
793.5000 9.239800e-01
794.0000 9.233100e-01
794.5000 9.208500e-01
795.0000 9.178400e-01
795.5000 9.142900e-01
796.0000 9.083500e-01
796.5000 9.064900e-01
797.0000 9.085700e-01
797.5000 9.096300e-01
798.0000 9.098700e-01
798.5000 9.115800e-01
799.0000 9.135600e-01
799.5000 9.156400e-01
800.0000 9.160600e-01
800.5000 9.173100e-01
801.0000 9.191200e-01
801.5000 9.219400e-01
802.0000 9.249500e-01
802.5000 9.260000e-01
803.0000 9.270400e-01
803.5000 9.291100e-01
804.0000 9.308100e-01
804.5000 9.309700e-01
805.0000 9.323400e-01
805.5000 9.336300e-01
806.0000 9.336900e-01
806.5000 9.336100e-01
807.0000 9.338200e-01
807.5000 9.339300e-01
808.0000 9.339500e-01
808.5000 9.314000e-01
809.0000 9.289400e-01
809.5000 9.257400e-01
810.0000 9.239400e-01
810.5000 9.201700e-01
811.0000 9.140900e-01
811.5000 9.144500e-01
812.0000 9.154500e-01
812.5000 9.140900e-01
813.0000 9.079200e-01
813.5000 8.966700e-01
814.0000 8.920800e-01
814.5000 8.905600e-01
815.0000 8.836600e-01
815.5000 8.753600e-01
816.0000 8.671500e-01
816.5000 8.642000e-01
817.0000 8.782800e-01
817.5000 8.783000e-01
818.0000 8.644200e-01
818.5000 8.728500e-01
819.0000 8.789900e-01
819.5000 8.782900e-01
820.0000 8.767500e-01
820.5000 8.939300e-01
821.0000 9.065400e-01
821.5000 9.037000e-01
822.0000 8.925200e-01
822.5000 8.594900e-01
823.0000 8.160000e-01
823.5000 8.335200e-01
824.0000 8.746500e-01
824.5000 8.894900e-01
825.0000 8.926400e-01
825.5000 8.897600e-01
826.0000 8.874300e-01
826.5000 8.979900e-01
827.0000 9.013400e-01
827.5000 8.851900e-01
828.0000 8.760400e-01
828.5000 8.845700e-01
829.0000 8.863700e-01
829.5000 8.912200e-01
830.0000 9.018600e-01
830.5000 9.087300e-01
831.0000 9.219300e-01
831.5000 9.225800e-01
832.0000 9.139900e-01
832.5000 9.208800e-01
833.0000 9.308000e-01
833.5000 9.303300e-01
834.0000 9.326000e-01
834.5000 9.371600e-01
835.0000 9.375400e-01
835.5000 9.350000e-01
836.0000 9.337900e-01
836.5000 9.336100e-01
837.0000 9.338000e-01
837.5000 9.328700e-01
838.0000 9.318300e-01
838.5000 9.323100e-01
839.0000 9.322200e-01
839.5000 9.303200e-01
840.0000 9.279500e-01
840.5000 9.277100e-01
841.0000 9.274600e-01
841.5000 9.286100e-01
842.0000 9.294800e-01
842.5000 9.304800e-01
843.0000 9.307300e-01
843.5000 9.330000e-01
844.0000 9.358200e-01
844.5000 9.365300e-01
845.0000 9.370400e-01
845.5000 9.375600e-01
846.0000 9.375100e-01
846.5000 9.412400e-01
847.0000 9.455400e-01
847.5000 9.493700e-01
848.0000 9.526200e-01
848.5000 9.549800e-01
849.0000 9.575400e-01
849.5000 9.602800e-01
850.0000 9.629300e-01
850.5000 9.553400e-01
851.0000 9.475600e-01
851.5000 9.398700e-01
852.0000 9.326600e-01
852.5000 8.995600e-01
853.0000 8.661600e-01
853.5000 8.324900e-01
854.0000 7.986500e-01
854.5000 7.319600e-01
855.0000 6.654600e-01
855.5000 5.988600e-01
856.0000 5.322300e-01
856.5000 4.007400e-01
857.0000 2.691400e-01
857.5000 2.702000e-01
858.0000 2.713400e-01
858.5000 1.895000e-01
859.0000 1.075700e-01
859.5000 1.073500e-01
860.0000 1.071400e-01
860.5000 7.299000e-02
861.0000 3.883000e-02
861.5000 3.892000e-02
862.0000 3.901000e-02
862.5000 2.657000e-02
863.0000 1.414000e-02
863.5000 1.432000e-02
864.0000 1.450000e-02
864.5000 1.021000e-02
865.0000 5.920000e-03
865.5000 5.830000e-03
866.0000 5.750000e-03
866.5000 4.230000e-03
867.0000 2.710000e-03
867.5000 2.470000e-03
868.0000 2.240000e-03
868.5000 2.000000e-03
869.0000 1.770000e-03
869.5000 8.900000e-04
870.0000 0.000000e+00
