# Euclid/NISP.H from the SVO Filter Profile Service, 2026-09-28
# wavelength[nm] throughput
1480.0000 1.433800e-04
1481.0000 1.590240e-04
1482.0000 1.784200e-04
1483.0000 1.893180e-04
1484.0000 2.023880e-04
1485.0000 2.254020e-04
1486.0000 2.429870e-04
1487.0000 2.718760e-04
1488.0000 3.057810e-04
1489.0000 3.416300e-04
1490.0000 3.762180e-04
1491.0000 4.192300e-04
1492.0000 4.766920e-04
1493.0000 5.430160e-04
1494.0000 6.326570e-04
1495.0000 7.222350e-04
1496.0000 8.350400e-04
1497.0000 9.808910e-04
1498.0000 1.160380e-03
1499.0000 1.371980e-03
1500.0000 1.628860e-03
1501.0000 1.955420e-03
1502.0000 2.359310e-03
1503.0000 2.887590e-03
1504.0000 3.562970e-03
1505.0000 4.433640e-03
1506.0000 5.574310e-03
1507.0000 7.069140e-03
1508.0000 9.029590e-03
1509.0000 1.165150e-02
1510.0000 1.526470e-02
1511.0000 2.023140e-02
1512.0000 2.695140e-02
1513.0000 3.603070e-02
1514.0000 4.880280e-02
1515.0000 6.640980e-02
1516.0000 9.035840e-02
1517.0000 1.216730e-01
1518.0000 1.640600e-01
1519.0000 2.166120e-01
1520.0000 2.806210e-01
1521.0000 3.521350e-01
1522.0000 4.304970e-01
1523.0000 5.118210e-01
1524.0000 5.872190e-01
1525.0000 6.514410e-01
1526.0000 7.007850e-01
1527.0000 7.336580e-01
1528.0000 7.546160e-01
1529.0000 7.653910e-01
1530.0000 7.713660e-01
1531.0000 7.734980e-01
1532.0000 7.737040e-01
1533.0000 7.758680e-01
1534.0000 7.763190e-01
1535.0000 7.774000e-01
1536.0000 7.773750e-01
1537.0000 7.772070e-01
1538.0000 7.776880e-01
1539.0000 7.770660e-01
1540.0000 7.774480e-01
1541.0000 7.755720e-01
1542.0000 7.755930e-01
1543.0000 7.756130e-01
1544.0000 7.748610e-01
1545.0000 7.755470e-01
1546.0000 7.753860e-01
1547.0000 7.745790e-01
1548.0000 7.773600e-01
1549.0000 7.766830e-01
1550.0000 7.784000e-01
1551.0000 7.796750e-01
1552.0000 7.800040e-01
1553.0000 7.810500e-01
1554.0000 7.812160e-01
1555.0000 7.819500e-01
1556.0000 7.810900e-01
1557.0000 7.800060e-01
1558.0000 7.794290e-01
1559.0000 7.792960e-01
1560.0000 7.769520e-01
1561.0000 7.758220e-01
1562.0000 7.746480e-01
1563.0000 7.740380e-01
1564.0000 7.726410e-01
1565.0000 7.740360e-01
1566.0000 7.729000e-01
1567.0000 7.723850e-01
1568.0000 7.734830e-01
1569.0000 7.733530e-01
1570.0000 7.746690e-01
1571.0000 7.747050e-01
1572.0000 7.759340e-01
1573.0000 7.767200e-01
1574.0000 7.776430e-01
1575.0000 7.786830e-01
1576.0000 7.796490e-01
1577.0000 7.802450e-01
1578.0000 7.815330e-01
1579.0000 7.817380e-01
1580.0000 7.818260e-01
1581.0000 7.821360e-01
1582.0000 7.814840e-01
1583.0000 7.826540e-01
1584.0000 7.826760e-01
1585.0000 7.823930e-01
1586.0000 7.829260e-01
1587.0000 7.820790e-01
1588.0000 7.821790e-01
1589.0000 7.820990e-01
1590.0000 7.820780e-01
1591.0000 7.812390e-01
1592.0000 7.814830e-01
1593.0000 7.819310e-01
1594.0000 7.825020e-01
1595.0000 7.829370e-01
1596.0000 7.826290e-01
1597.0000 7.831030e-01
1598.0000 7.830270e-01
1599.0000 7.830000e-01
1600.0000 7.832300e-01
1601.0000 7.825600e-01
1602.0000 7.824820e-01
1603.0000 7.831480e-01
1604.0000 7.824190e-01
1605.0000 7.818090e-01
1606.0000 7.823110e-01
1607.0000 7.821830e-01
1608.0000 7.820520e-01
1609.0000 7.815810e-01
1610.0000 7.811760e-01
1611.0000 7.806120e-01
1612.0000 7.803670e-01
1613.0000 7.808220e-01
1614.0000 7.807370e-01
1615.0000 7.810460e-01
1616.0000 7.804570e-01
1617.0000 7.804640e-01
1618.0000 7.807370e-01
1619.0000 7.808620e-01
1620.0000 7.810960e-01
1621.0000 7.809100e-01
1622.0000 7.816950e-01
1623.0000 7.825230e-01
1624.0000 7.821040e-01
1625.0000 7.822530e-01
1626.0000 7.826720e-01
1627.0000 7.822210e-01
1628.0000 7.826260e-01
1629.0000 7.824440e-01
1630.0000 7.820820e-01
1631.0000 7.819730e-01
1632.0000 7.815200e-01
1633.0000 7.812040e-01
1634.0000 7.809940e-01
1635.0000 7.804500e-01
1636.0000 7.795840e-01
1637.0000 7.792870e-01
1638.0000 7.793490e-01
1639.0000 7.788240e-01
1640.0000 7.785090e-01
1641.0000 7.779280e-01
1642.0000 7.776800e-01
1643.0000 7.779700e-01
1644.0000 7.775600e-01
1645.0000 7.776740e-01
1646.0000 7.773490e-01
1647.0000 7.775090e-01
1648.0000 7.783410e-01
1649.0000 7.785320e-01
1650.0000 7.787500e-01
1651.0000 7.791060e-01
1652.0000 7.798050e-01
1653.0000 7.795200e-01
1654.0000 7.801420e-01
1655.0000 7.806080e-01
1656.0000 7.801100e-01
1657.0000 7.800920e-01
1658.0000 7.805710e-01
1659.0000 7.810690e-01
1660.0000 7.807490e-01
1661.0000 7.805770e-01
1662.0000 7.804410e-01
1663.0000 7.798300e-01
1664.0000 7.795610e-01
1665.0000 7.792930e-01
1666.0000 7.782770e-01
1667.0000 7.786330e-01
1668.0000 7.781270e-01
1669.0000 7.777990e-01
1670.0000 7.779580e-01
1671.0000 7.774960e-01
1672.0000 7.774470e-01
1673.0000 7.769890e-01
1674.0000 7.772050e-01
1675.0000 7.769670e-01
1676.0000 7.772560e-01
1677.0000 7.775750e-01
1678.0000 7.773880e-01
1679.0000 7.781060e-01
1680.0000 7.793800e-01
1681.0000 7.795530e-01
1682.0000 7.797260e-01
1683.0000 7.797570e-01
1684.0000 7.805490e-01
1685.0000 7.817290e-01
1686.0000 7.820910e-01
1687.0000 7.818050e-01
1688.0000 7.825950e-01
1689.0000 7.828490e-01
1690.0000 7.835190e-01
1691.0000 7.830550e-01
1692.0000 7.833980e-01
1693.0000 7.838070e-01
1694.0000 7.840920e-01
1695.0000 7.845470e-01
1696.0000 7.844300e-01
1697.0000 7.839600e-01
1698.0000 7.841750e-01
1699.0000 7.840310e-01
1700.0000 7.848850e-01
1701.0000 7.847830e-01
1702.0000 7.841300e-01
1703.0000 7.836490e-01
1704.0000 7.837230e-01
1705.0000 7.846450e-01
1706.0000 7.834700e-01
1707.0000 7.839240e-01
1708.0000 7.836200e-01
1709.0000 7.834840e-01
1710.0000 7.841760e-01
1711.0000 7.840610e-01
1712.0000 7.835980e-01
1713.0000 7.833680e-01
1714.0000 7.839100e-01
1715.0000 7.849520e-01
1716.0000 7.854380e-01
1717.0000 7.848200e-01
1718.0000 7.841940e-01
1719.0000 7.849940e-01
1720.0000 7.857920e-01
1721.0000 7.856950e-01
1722.0000 7.855680e-01
1723.0000 7.847240e-01
1724.0000 7.856050e-01
1725.0000 7.861920e-01
1726.0000 7.856390e-01
1727.0000 7.853290e-01
1728.0000 7.853450e-01
1729.0000 7.850010e-01
1730.0000 7.851200e-01
1731.0000 7.854840e-01
1732.0000 7.843150e-01
1733.0000 7.840880e-01
1734.0000 7.839440e-01
1735.0000 7.844900e-01
1736.0000 7.842430e-01
1737.0000 7.827290e-01
1738.0000 7.824440e-01
1739.0000 7.825180e-01
1740.0000 7.829210e-01
1741.0000 7.827080e-01
1742.0000 7.818870e-01
1743.0000 7.821150e-01
1744.0000 7.821910e-01
1745.0000 7.821790e-01
1746.0000 7.814380e-01
1747.0000 7.812220e-01
1748.0000 7.815110e-01
1749.0000 7.817950e-01
1750.0000 7.823670e-01
1751.0000 7.824860e-01
1752.0000 7.823470e-01
1753.0000 7.823340e-01
1754.0000 7.834900e-01
1755.0000 7.831420e-01
1756.0000 7.826020e-01
1757.0000 7.829110e-01
1758.0000 7.833050e-01
1759.0000 7.831520e-01
1760.0000 7.832540e-01
1761.0000 7.829140e-01
1762.0000 7.826850e-01
1763.0000 7.828580e-01
1764.0000 7.837260e-01
1765.0000 7.839360e-01
1766.0000 7.837090e-01
1767.0000 7.837110e-01
1768.0000 7.838540e-01
1769.0000 7.843470e-01
1770.0000 7.837090e-01
1771.0000 7.845180e-01
1772.0000 7.832130e-01
1773.0000 7.828850e-01
1774.0000 7.837290e-01
1775.0000 7.844040e-01
1776.0000 7.839790e-01
1777.0000 7.828830e-01
1778.0000 7.843000e-01
1779.0000 7.840580e-01
1780.0000 7.837110e-01
1781.0000 7.836210e-01
1782.0000 7.838930e-01
1783.0000 7.848460e-01
1784.0000 7.849430e-01
1785.0000 7.850230e-01
1786.0000 7.849390e-01
1787.0000 7.841020e-01
1788.0000 7.839500e-01
1789.0000 7.848440e-01
1790.0000 7.846150e-01
1791.0000 7.852300e-01
1792.0000 7.842440e-01
1793.0000 7.851800e-01
1794.0000 7.843600e-01
1795.0000 7.851560e-01
1796.0000 7.853550e-01
1797.0000 7.848390e-01
1798.0000 7.850730e-01
1799.0000 7.847860e-01
1800.0000 7.843620e-01
1801.0000 7.840840e-01
1802.0000 7.838290e-01
1803.0000 7.838690e-01
1804.0000 7.837650e-01
1805.0000 7.845640e-01
1806.0000 7.843600e-01
1807.0000 7.846110e-01
1808.0000 7.855760e-01
1809.0000 7.847460e-01
1810.0000 7.854900e-01
1811.0000 7.853040e-01
1812.0000 7.851360e-01
1813.0000 7.861330e-01
1814.0000 7.861260e-01
1815.0000 7.867750e-01
1816.0000 7.871180e-01
1817.0000 7.872230e-01
1818.0000 7.873750e-01
1819.0000 7.872050e-01
1820.0000 7.878990e-01
1821.0000 7.874190e-01
1822.0000 7.870280e-01
1823.0000 7.881580e-01
1824.0000 7.883030e-01
1825.0000 7.880030e-01
1826.0000 7.882580e-01
1827.0000 7.897940e-01
1828.0000 7.901270e-01
1829.0000 7.895550e-01
1830.0000 7.888530e-01
1831.0000 7.888610e-01
1832.0000 7.897850e-01
1833.0000 7.896600e-01
1834.0000 7.895390e-01
1835.0000 7.901360e-01
1836.0000 7.900820e-01
1837.0000 7.894260e-01
1838.0000 7.888930e-01
1839.0000 7.900820e-01
1840.0000 7.906060e-01
1841.0000 7.890820e-01
1842.0000 7.885450e-01
1843.0000 7.894900e-01
1844.0000 7.892410e-01
1845.0000 7.899590e-01
1846.0000 7.896830e-01
1847.0000 7.898300e-01
1848.0000 7.901500e-01
1849.0000 7.901640e-01
1850.0000 7.901470e-01
1851.0000 7.904610e-01
1852.0000 7.903290e-01
1853.0000 7.910480e-01
1854.0000 7.904100e-01
1855.0000 7.904670e-01
1856.0000 7.908720e-01
1857.0000 7.909500e-01
1858.0000 7.918380e-01
1859.0000 7.919570e-01
1860.0000 7.914030e-01
1861.0000 7.918860e-01
1862.0000 7.924650e-01
1863.0000 7.923350e-01
1864.0000 7.919510e-01
1865.0000 7.918450e-01
1866.0000 7.924690e-01
1867.0000 7.924390e-01
1868.0000 7.927560e-01
1869.0000 7.924560e-01
1870.0000 7.915800e-01
1871.0000 7.921360e-01
1872.0000 7.917530e-01
1873.0000 7.920170e-01
1874.0000 7.910570e-01
1875.0000 7.898570e-01
1876.0000 7.897980e-01
1877.0000 7.897410e-01
1878.0000 7.890330e-01
1879.0000 7.882640e-01
1880.0000 7.875860e-01
1881.0000 7.880100e-01
1882.0000 7.880380e-01
1883.0000 7.877040e-01
1884.0000 7.871380e-01
1885.0000 7.864230e-01
1886.0000 7.867510e-01
1887.0000 7.867750e-01
1888.0000 7.860300e-01
1889.0000 7.855700e-01
1890.0000 7.855580e-01
1891.0000 7.852820e-01
1892.0000 7.851470e-01
1893.0000 7.853730e-01
1894.0000 7.854100e-01
1895.0000 7.854580e-01
1896.0000 7.855540e-01
1897.0000 7.847490e-01
1898.0000 7.854560e-01
1899.0000 7.853990e-01
1900.0000 7.853700e-01
1901.0000 7.852980e-01
1902.0000 7.844930e-01
1903.0000 7.841310e-01
1904.0000 7.846570e-01
1905.0000 7.848480e-01
1906.0000 7.837520e-01
1907.0000 7.831360e-01
1908.0000 7.829460e-01
1909.0000 7.824070e-01
1910.0000 7.823320e-01
1911.0000 7.814740e-01
1912.0000 7.804870e-01
1913.0000 7.796860e-01
1914.0000 7.800500e-01
1915.0000 7.797460e-01
1916.0000 7.790200e-01
1917.0000 7.785180e-01
1918.0000 7.777230e-01
1919.0000 7.776970e-01
1920.0000 7.767060e-01
1921.0000 7.768750e-01
1922.0000 7.765620e-01
1923.0000 7.756620e-01
1924.0000 7.754130e-01
1925.0000 7.758480e-01
1926.0000 7.754590e-01
1927.0000 7.761400e-01
1928.0000 7.753990e-01
1929.0000 7.754720e-01
1930.0000 7.754180e-01
1931.0000 7.751490e-01
1932.0000 7.750390e-01
1933.0000 7.747990e-01
1934.0000 7.756240e-01
1935.0000 7.746760e-01
1936.0000 7.750860e-01
1937.0000 7.759030e-01
1938.0000 7.750050e-01
1939.0000 7.753840e-01
1940.0000 7.748590e-01
1941.0000 7.743370e-01
1942.0000 7.738530e-01
1943.0000 7.732700e-01
1944.0000 7.739480e-01
1945.0000 7.730500e-01
1946.0000 7.725430e-01
1947.0000 7.723980e-01
1948.0000 7.708100e-01
1949.0000 7.715900e-01
1950.0000 7.701180e-01
1951.0000 7.696180e-01
1952.0000 7.691300e-01
1953.0000 7.685220e-01
1954.0000 7.685500e-01
1955.0000 7.675810e-01
1956.0000 7.673900e-01
1957.0000 7.665570e-01
1958.0000 7.658050e-01
1959.0000 7.658420e-01
1960.0000 7.660110e-01
1961.0000 7.653400e-01
1962.0000 7.661410e-01
1963.0000 7.645850e-01
1964.0000 7.655350e-01
1965.0000 7.651350e-01
1966.0000 7.661760e-01
1967.0000 7.651970e-01
1968.0000 7.647240e-01
1969.0000 7.651720e-01
1970.0000 7.653960e-01
1971.0000 7.660290e-01
1972.0000 7.649930e-01
1973.0000 7.653530e-01
1974.0000 7.656330e-01
1975.0000 7.649410e-01
1976.0000 7.639770e-01
1977.0000 7.639360e-01
1978.0000 7.636780e-01
1979.0000 7.641620e-01
1980.0000 7.643820e-01
1981.0000 7.633070e-01
1982.0000 7.629610e-01
1983.0000 7.622560e-01
1984.0000 7.628880e-01
1985.0000 7.612000e-01
1986.0000 7.613600e-01
1987.0000 7.611570e-01
1988.0000 7.605210e-01
1989.0000 7.609700e-01
1990.0000 7.602600e-01
1991.0000 7.606230e-01
1992.0000 7.596220e-01
1993.0000 7.590930e-01
1994.0000 7.594080e-01
1995.0000 7.581080e-01
1996.0000 7.574220e-01
1997.0000 7.567070e-01
1998.0000 7.562620e-01
1999.0000 7.556330e-01
2000.0000 7.549830e-01
2001.0000 7.546250e-01
2002.0000 7.525710e-01
2003.0000 7.520010e-01
2004.0000 7.518350e-01
2005.0000 7.499750e-01
2006.0000 7.483310e-01
2007.0000 7.462570e-01
2008.0000 7.433180e-01
2009.0000 7.403120e-01
2010.0000 7.356410e-01
2011.0000 7.269730e-01
2012.0000 7.170800e-01
2013.0000 7.017490e-01
2014.0000 6.832840e-01
2015.0000 6.581850e-01
2016.0000 6.267320e-01
2017.0000 5.895400e-01
2018.0000 5.475500e-01
2019.0000 5.004160e-01
2020.0000 4.484500e-01
2021.0000 3.943750e-01
2022.0000 3.411160e-01
2023.0000 2.910850e-01
2024.0000 2.451520e-01
2025.0000 2.029820e-01
2026.0000 1.666490e-01
2027.0000 1.360190e-01
2028.0000 1.107720e-01
2029.0000 8.975480e-02
2030.0000 7.253370e-02
2031.0000 5.914630e-02
2032.0000 4.825120e-02
2033.0000 3.935610e-02
2034.0000 3.208390e-02
2035.0000 2.618670e-02
2036.0000 2.151350e-02
2037.0000 1.785060e-02
2038.0000 1.465060e-02
2039.0000 1.211810e-02
2040.0000 1.023930e-02
2041.0000 8.517470e-03
2042.0000 7.223830e-03
2043.0000 6.086120e-03
2044.0000 5.100950e-03
2045.0000 4.377930e-03
2046.0000 3.698120e-03
2047.0000 3.091850e-03
2048.0000 2.685260e-03
2049.0000 2.296020e-03
2050.0000 1.990010e-03
2051.0000 1.616420e-03
2052.0000 1.430540e-03
2053.0000 1.415240e-03
2054.0000 1.179200e-03
2055.0000 9.155680e-04
2056.0000 8.204420e-04
2057.0000 7.171190e-04
2058.0000 6.994600e-04
2059.0000 4.913560e-04
2060.0000 3.032270e-04
2061.0000 4.690090e-04
2062.0000 4.202280e-04
2063.0000 3.637110e-04
2064.0000 4.540890e-04
2065.0000 4.173730e-04
2066.0000 2.570310e-04
2067.0000 1.507920e-04
