# Euclid/NISP.Y from the SVO Filter Profile Service, 2026-09-28
# wavelength[nm] throughput
933.0000 1.401100e-04
934.0000 1.995420e-04
935.0000 2.877310e-04
936.0000 4.055960e-04
937.0000 5.923170e-04
938.0000 9.044250e-04
939.0000 1.576970e-03
940.0000 2.729330e-03
941.0000 6.448130e-03
942.0000 1.420180e-02
943.0000 2.786910e-02
944.0000 4.461300e-02
945.0000 6.247140e-02
946.0000 8.418210e-02
947.0000 1.255490e-01
948.0000 1.932270e-01
949.0000 2.998550e-01
950.0000 4.349350e-01
951.0000 5.663820e-01
952.0000 6.677930e-01
953.0000 7.232250e-01
954.0000 7.417070e-01
955.0000 7.466220e-01
956.0000 7.479870e-01
957.0000 7.493650e-01
958.0000 7.515170e-01
959.0000 7.539270e-01
960.0000 7.568860e-01
961.0000 7.600020e-01
962.0000 7.632580e-01
963.0000 7.664460e-01
964.0000 7.683890e-01
965.0000 7.698570e-01
966.0000 7.708740e-01
967.0000 7.716160e-01
968.0000 7.721310e-01
969.0000 7.724610e-01
970.0000 7.725430e-01
971.0000 7.729470e-01
972.0000 7.730820e-01
973.0000 7.733270e-01
974.0000 7.739600e-01
975.0000 7.736840e-01
976.0000 7.740670e-01
977.0000 7.739500e-01
978.0000 7.738940e-01
979.0000 7.747790e-01
980.0000 7.748860e-01
981.0000 7.751360e-01
982.0000 7.751310e-01
983.0000 7.751190e-01
984.0000 7.757580e-01
985.0000 7.762310e-01
986.0000 7.764880e-01
987.0000 7.771490e-01
988.0000 7.778550e-01
989.0000 7.788130e-01
990.0000 7.788110e-01
991.0000 7.789970e-01
992.0000 7.783790e-01
993.0000 7.779110e-01
994.0000 7.786030e-01
995.0000 7.784840e-01
996.0000 7.770510e-01
997.0000 7.767080e-01
998.0000 7.771100e-01
999.0000 7.767200e-01
1000.0000 7.761120e-01
1001.0000 7.763010e-01
1002.0000 7.760070e-01
1003.0000 7.761450e-01
1004.0000 7.772340e-01
1005.0000 7.786690e-01
1006.0000 7.798110e-01
1007.0000 7.815180e-01
1008.0000 7.829290e-01
1009.0000 7.835520e-01
1010.0000 7.835470e-01
1011.0000 7.833300e-01
1012.0000 7.831650e-01
1013.0000 7.824210e-01
1014.0000 7.813190e-01
1015.0000 7.801200e-01
1016.0000 7.791550e-01
1017.0000 7.782630e-01
1018.0000 7.782950e-01
1019.0000 7.776250e-01
1020.0000 7.778710e-01
1021.0000 7.782480e-01
1022.0000 7.784520e-01
1023.0000 7.793050e-01
1024.0000 7.789700e-01
1025.0000 7.780420e-01
1026.0000 7.764040e-01
1027.0000 7.752290e-01
1028.0000 7.745790e-01
1029.0000 7.734780e-01
1030.0000 7.731100e-01
1031.0000 7.727840e-01
1032.0000 7.726560e-01
1033.0000 7.736720e-01
1034.0000 7.758170e-01
1035.0000 7.771180e-01
1036.0000 7.782200e-01
1037.0000 7.793640e-01
1038.0000 7.806700e-01
1039.0000 7.814350e-01
1040.0000 7.810150e-01
1041.0000 7.800590e-01
1042.0000 7.790850e-01
1043.0000 7.786540e-01
1044.0000 7.784520e-01
1045.0000 7.780450e-01
1046.0000 7.778180e-01
1047.0000 7.787740e-01
1048.0000 7.788130e-01
1049.0000 7.792640e-01
1050.0000 7.793230e-01
1051.0000 7.797170e-01
1052.0000 7.793170e-01
1053.0000 7.793030e-01
1054.0000 7.782380e-01
1055.0000 7.764460e-01
1056.0000 7.753850e-01
1057.0000 7.732210e-01
1058.0000 7.718890e-01
1059.0000 7.713900e-01
1060.0000 7.702900e-01
1061.0000 7.691240e-01
1062.0000 7.689740e-01
1063.0000 7.697180e-01
1064.0000 7.700920e-01
1065.0000 7.704340e-01
1066.0000 7.698770e-01
1067.0000 7.700690e-01
1068.0000 7.703320e-01
1069.0000 7.691390e-01
1070.0000 7.682960e-01
1071.0000 7.677180e-01
1072.0000 7.660620e-01
1073.0000 7.643390e-01
1074.0000 7.643140e-01
1075.0000 7.640030e-01
1076.0000 7.655390e-01
1077.0000 7.655180e-01
1078.0000 7.673540e-01
1079.0000 7.691050e-01
1080.0000 7.700910e-01
1081.0000 7.705670e-01
1082.0000 7.719720e-01
1083.0000 7.727810e-01
1084.0000 7.721040e-01
1085.0000 7.706500e-01
1086.0000 7.696290e-01
1087.0000 7.687160e-01
1088.0000 7.677290e-01
1089.0000 7.667750e-01
1090.0000 7.650860e-01
1091.0000 7.648760e-01
1092.0000 7.648260e-01
1093.0000 7.656080e-01
1094.0000 7.667110e-01
1095.0000 7.666070e-01
1096.0000 7.663780e-01
1097.0000 7.671500e-01
1098.0000 7.653350e-01
1099.0000 7.649360e-01
1100.0000 7.645580e-01
1101.0000 7.630180e-01
1102.0000 7.621110e-01
1103.0000 7.618450e-01
1104.0000 7.594030e-01
1105.0000 7.582970e-01
1106.0000 7.576330e-01
1107.0000 7.587620e-01
1108.0000 7.595480e-01
1109.0000 7.591490e-01
1110.0000 7.601160e-01
1111.0000 7.618980e-01
1112.0000 7.627900e-01
1113.0000 7.641640e-01
1114.0000 7.648240e-01
1115.0000 7.651110e-01
1116.0000 7.657970e-01
1117.0000 7.656850e-01
1118.0000 7.664810e-01
1119.0000 7.660730e-01
1120.0000 7.655990e-01
1121.0000 7.650850e-01
1122.0000 7.646060e-01
1123.0000 7.633970e-01
1124.0000 7.643560e-01
1125.0000 7.644530e-01
1126.0000 7.645050e-01
1127.0000 7.645700e-01
1128.0000 7.646770e-01
1129.0000 7.652990e-01
1130.0000 7.657600e-01
1131.0000 7.644120e-01
1132.0000 7.641410e-01
1133.0000 7.645850e-01
1134.0000 7.650300e-01
1135.0000 7.656660e-01
1136.0000 7.666180e-01
1137.0000 7.662680e-01
1138.0000 7.686830e-01
1139.0000 7.692010e-01
1140.0000 7.690470e-01
1141.0000 7.702530e-01
1142.0000 7.712310e-01
1143.0000 7.712950e-01
1144.0000 7.718380e-01
1145.0000 7.717970e-01
1146.0000 7.721300e-01
1147.0000 7.718490e-01
1148.0000 7.719160e-01
1149.0000 7.719360e-01
1150.0000 7.720710e-01
1151.0000 7.722280e-01
1152.0000 7.716910e-01
1153.0000 7.716250e-01
1154.0000 7.716870e-01
1155.0000 7.718390e-01
1156.0000 7.721670e-01
1157.0000 7.717290e-01
1158.0000 7.725090e-01
1159.0000 7.718760e-01
1160.0000 7.717390e-01
1161.0000 7.713580e-01
1162.0000 7.706400e-01
1163.0000 7.698140e-01
1164.0000 7.692490e-01
1165.0000 7.688890e-01
1166.0000 7.690900e-01
1167.0000 7.694480e-01
1168.0000 7.706910e-01
1169.0000 7.716600e-01
1170.0000 7.725960e-01
1171.0000 7.733460e-01
1172.0000 7.742670e-01
1173.0000 7.758090e-01
1174.0000 7.773620e-01
1175.0000 7.771540e-01
1176.0000 7.771790e-01
1177.0000 7.785460e-01
1178.0000 7.788830e-01
1179.0000 7.782110e-01
1180.0000 7.783450e-01
1181.0000 7.775880e-01
1182.0000 7.779340e-01
1183.0000 7.786100e-01
1184.0000 7.795340e-01
1185.0000 7.798340e-01
1186.0000 7.796710e-01
1187.0000 7.803200e-01
1188.0000 7.804890e-01
1189.0000 7.800290e-01
1190.0000 7.801230e-01
1191.0000 7.805440e-01
1192.0000 7.805190e-01
1193.0000 7.803450e-01
1194.0000 7.797360e-01
1195.0000 7.800200e-01
1196.0000 7.814730e-01
1197.0000 7.824850e-01
1198.0000 7.831060e-01
1199.0000 7.833330e-01
1200.0000 7.839250e-01
1201.0000 7.841070e-01
1202.0000 7.843440e-01
1203.0000 7.843120e-01
1204.0000 7.837920e-01
1205.0000 7.837050e-01
1206.0000 7.829050e-01
1207.0000 7.759730e-01
1208.0000 7.616050e-01
1209.0000 7.227290e-01
1210.0000 6.598200e-01
1211.0000 5.604240e-01
1212.0000 4.280030e-01
1213.0000 3.002440e-01
1214.0000 2.122060e-01
1215.0000 1.558950e-01
1216.0000 1.155660e-01
1217.0000 8.816830e-02
1218.0000 7.116640e-02
1219.0000 5.453440e-02
1220.0000 3.865560e-02
1221.0000 2.786080e-02
1222.0000 2.041340e-02
1223.0000 1.522080e-02
1224.0000 1.170850e-02
1225.0000 9.101220e-03
1226.0000 7.131850e-03
1227.0000 5.768770e-03
1228.0000 4.696020e-03
1229.0000 3.885880e-03
1230.0000 3.268790e-03
1231.0000 2.758680e-03
1232.0000 2.390960e-03
1233.0000 2.083390e-03
1234.0000 1.834220e-03
1235.0000 1.633240e-03
1236.0000 1.470750e-03
1237.0000 1.331080e-03
1238.0000 1.214340e-03
1239.0000 1.115430e-03
1240.0000 1.023680e-03
1241.0000 9.415050e-04
1242.0000 8.674460e-04
1243.0000 7.966230e-04
1244.0000 7.282930e-04
1245.0000 6.624430e-04
