# Euclid/VIS.vis from the SVO Filter Profile Service, 2026-09-28
# wavelength[nm] throughput
436.9190 5.667901e-04
437.9190 9.586100e-04
438.9180 1.422219e-03
439.9180 1.774363e-03
440.9170 1.775929e-03
441.9170 1.589308e-03
442.9160 1.519771e-03
443.9150 1.636767e-03
444.9150 1.700475e-03
445.9140 1.630730e-03
446.9140 2.150580e-03
447.9130 3.815967e-03
448.9120 5.469152e-03
449.9120 4.907521e-03
450.9110 2.649286e-03
451.9110 1.391699e-03
452.9100 2.399830e-03
453.9090 3.863022e-03
454.9090 4.172531e-03
455.9080 3.128980e-03
456.9080 2.011074e-03
457.9070 1.987096e-03
458.9070 2.191420e-03
459.9060 1.840685e-03
460.9050 1.138528e-03
461.9050 7.594274e-04
462.9040 8.767852e-04
463.9040 1.124922e-03
464.9030 1.134137e-03
465.9020 1.146254e-03
466.9020 1.596366e-03
467.9010 2.472642e-03
468.9010 3.006841e-03
469.9000 2.603963e-03
470.8990 1.798789e-03
471.8990 1.404025e-03
472.8980 1.675509e-03
473.8980 2.177489e-03
474.8970 2.348692e-03
475.8970 2.082956e-03
476.8960 1.866000e-03
477.8950 2.215059e-03
478.8950 3.138478e-03
479.8940 4.185552e-03
480.8940 4.702602e-03
481.8930 4.262318e-03
482.8920 3.386911e-03
483.8920 2.402371e-03
484.8910 1.586192e-03
485.8910 1.420544e-03
486.8900 2.251042e-03
487.8890 4.198020e-03
488.8890 6.127547e-03
489.8880 6.674323e-03
490.8880 5.468039e-03
491.8870 3.641207e-03
492.8870 2.642383e-03
493.8860 3.209554e-03
494.8850 5.166579e-03
495.8850 8.021540e-03
496.8840 1.091568e-02
497.8840 1.318426e-02
498.8830 1.463816e-02
499.8820 1.520717e-02
500.8820 1.488566e-02
501.8810 1.371951e-02
502.8810 1.218854e-02
503.8800 1.046386e-02
504.8790 8.857850e-03
505.8790 7.464394e-03
506.8780 6.492233e-03
507.8780 6.386284e-03
508.8770 7.292414e-03
509.8770 8.573905e-03
510.8760 9.284691e-03
511.8750 9.229329e-03
512.8750 9.015458e-03
513.8740 9.641826e-03
514.8740 1.091879e-02
515.8730 1.176955e-02
516.8720 1.149467e-02
517.8720 1.064770e-02
518.8710 1.111940e-02
519.8710 1.350449e-02
520.8700 1.666861e-02
521.8690 1.806278e-02
522.8690 1.703321e-02
523.8680 1.500538e-02
524.8680 1.447861e-02
525.8670 1.657786e-02
526.8670 1.958233e-02
527.8660 2.164288e-02
528.8650 2.220810e-02
529.8650 2.210145e-02
530.8640 2.126572e-02
531.8640 1.845549e-02
532.8630 1.347288e-02
533.8620 9.375752e-03
534.8620 8.158786e-03
535.8610 8.944541e-03
536.8610 1.305594e-02
537.8600 2.943070e-02
538.8590 5.507258e-02
539.8590 9.896616e-02
540.8580 2.647858e-01
541.8580 5.215209e-01
542.8570 6.515722e-01
543.8570 6.850480e-01
544.8560 6.934849e-01
545.8550 6.975128e-01
546.8550 6.993962e-01
547.8540 7.012943e-01
548.8540 7.026132e-01
549.8530 7.040276e-01
550.8520 7.055219e-01
551.8520 7.074627e-01
552.8510 7.086234e-01
553.8510 7.104276e-01
554.8500 7.119407e-01
555.8500 7.130120e-01
556.8490 7.140130e-01
557.8480 7.157499e-01
558.8480 7.169594e-01
559.8470 7.180049e-01
560.8470 7.190608e-01
561.8460 7.206413e-01
562.8450 7.216835e-01
563.8450 7.222594e-01
564.8440 7.235479e-01
565.8440 7.249835e-01
566.8430 7.257763e-01
567.8420 7.264218e-01
568.8420 7.274166e-01
569.8410 7.281410e-01
570.8410 7.298199e-01
571.8400 7.307261e-01
572.8400 7.318665e-01
573.8390 7.326725e-01
574.8380 7.335366e-01
575.8380 7.345625e-01
576.8370 7.348152e-01
577.8370 7.360418e-01
578.8360 7.369788e-01
579.8350 7.377287e-01
580.8350 7.382185e-01
581.8340 7.394987e-01
582.8340 7.400253e-01
583.8330 7.406363e-01
584.8320 7.422318e-01
585.8320 7.426705e-01
586.8310 7.431234e-01
587.8310 7.440489e-01
588.8300 7.437932e-01
589.8300 7.440854e-01
590.8290 7.453678e-01
591.8280 7.462186e-01
592.8280 7.467791e-01
593.8270 7.479034e-01
594.8270 7.485474e-01
595.8260 7.487465e-01
596.8250 7.494694e-01
597.8250 7.498262e-01
598.8240 7.502964e-01
599.8240 7.507824e-01
600.8230 7.516774e-01
601.8220 7.519503e-01
602.8220 7.520955e-01
603.8210 7.527962e-01
604.8210 7.534605e-01
605.8200 7.533675e-01
606.8200 7.544672e-01
607.8190 7.544456e-01
608.8180 7.538396e-01
609.8180 7.538459e-01
610.8170 7.544813e-01
611.8170 7.547179e-01
612.8160 7.548930e-01
613.8150 7.552509e-01
614.8150 7.554246e-01
615.8140 7.557345e-01
616.8140 7.557031e-01
617.8130 7.556467e-01
618.8120 7.562213e-01
619.8120 7.559865e-01
620.8110 7.559461e-01
621.8110 7.562566e-01
622.8100 7.566956e-01
623.8100 7.571986e-01
624.8090 7.569678e-01
625.8080 7.576712e-01
626.8080 7.574705e-01
627.8070 7.580250e-01
628.8070 7.582352e-01
629.8060 7.572244e-01
630.8050 7.570966e-01
631.8050 7.574142e-01
632.8040 7.577597e-01
633.8040 7.579861e-01
634.8030 7.575654e-01
635.8020 7.577847e-01
636.8020 7.580591e-01
637.8010 7.582020e-01
638.8010 7.589343e-01
639.8000 7.595092e-01
640.8000 7.597978e-01
641.7990 7.585293e-01
642.7980 7.578799e-01
643.7980 7.581178e-01
644.7970 7.577258e-01
645.7970 7.584684e-01
646.7960 7.588507e-01
647.7950 7.582481e-01
648.7950 7.575649e-01
649.7940 7.576722e-01
650.7940 7.588235e-01
651.7930 7.588895e-01
652.7920 7.585302e-01
653.7920 7.577528e-01
654.7910 7.573172e-01
655.7910 7.570021e-01
656.7900 7.579585e-01
657.7900 7.575440e-01
658.7890 7.572283e-01
659.7880 7.574724e-01
660.7880 7.570885e-01
661.7870 7.575173e-01
662.7870 7.568030e-01
663.7860 7.570583e-01
664.7850 7.559095e-01
665.7850 7.555685e-01
666.7840 7.560525e-01
667.7840 7.560715e-01
668.7830 7.565284e-01
669.7820 7.558434e-01
670.7820 7.554239e-01
671.7810 7.561960e-01
672.7810 7.571166e-01
673.7800 7.567477e-01
674.7800 7.570255e-01
675.7790 7.569203e-01
676.7780 7.573596e-01
677.7780 7.575183e-01
678.7770 7.571670e-01
679.7770 7.564537e-01
680.7760 7.582452e-01
681.7750 7.571594e-01
682.7750 7.578954e-01
683.7740 7.573599e-01
684.7740 7.568009e-01
685.7730 7.573359e-01
686.7720 7.578897e-01
687.7720 7.570556e-01
688.7710 7.576674e-01
689.7710 7.575281e-01
690.7700 7.568322e-01
691.7700 7.568638e-01
692.7690 7.583035e-01
693.7680 7.563884e-01
694.7680 7.574158e-01
695.7670 7.562349e-01
696.7670 7.566625e-01
697.7660 7.567355e-01
698.7650 7.565583e-01
699.7650 7.556785e-01
700.7640 7.567778e-01
701.7640 7.562722e-01
702.7630 7.553808e-01
703.7620 7.561626e-01
704.7620 7.564884e-01
705.7610 7.562297e-01
706.7610 7.559193e-01
707.7600 7.559037e-01
708.7600 7.543312e-01
709.7590 7.550659e-01
710.7580 7.551975e-01
711.7580 7.549554e-01
712.7570 7.538887e-01
713.7570 7.541246e-01
714.7560 7.545165e-01
715.7550 7.545203e-01
716.7550 7.541811e-01
717.7540 7.531715e-01
718.7540 7.525178e-01
719.7530 7.538824e-01
720.7520 7.533713e-01
721.7520 7.543431e-01
722.7510 7.541784e-01
723.7510 7.536240e-01
724.7500 7.533978e-01
725.7500 7.521485e-01
726.7490 7.533429e-01
727.7480 7.519090e-01
728.7480 7.510249e-01
729.7470 7.517863e-01
730.7470 7.512828e-01
731.7460 7.505332e-01
732.7450 7.502641e-01
733.7450 7.510953e-01
734.7440 7.508411e-01
735.7440 7.504269e-01
736.7430 7.503427e-01
737.7430 7.492768e-01
738.7420 7.495026e-01
739.7410 7.490360e-01
740.7410 7.481602e-01
741.7400 7.469489e-01
742.7400 7.462714e-01
743.7390 7.461720e-01
744.7380 7.468707e-01
745.7380 7.463666e-01
746.7370 7.452905e-01
747.7370 7.442247e-01
748.7360 7.444625e-01
749.7350 7.434216e-01
750.7350 7.414989e-01
751.7340 7.416047e-01
752.7340 7.414610e-01
753.7330 7.402539e-01
754.7330 7.405986e-01
755.7320 7.398257e-01
756.7310 7.396778e-01
757.7310 7.389712e-01
758.7300 7.383289e-01
759.7300 7.369827e-01
760.7290 7.364107e-01
761.7280 7.361565e-01
762.7280 7.350350e-01
763.7270 7.336443e-01
764.7270 7.337897e-01
765.7260 7.333577e-01
766.7250 7.328896e-01
767.7250 7.330871e-01
768.7240 7.324789e-01
769.7240 7.316617e-01
770.7230 7.311693e-01
771.7230 7.301607e-01
772.7220 7.289491e-01
773.7210 7.287591e-01
774.7210 7.274714e-01
775.7200 7.258288e-01
776.7200 7.257346e-01
777.7190 7.248208e-01
778.7180 7.236527e-01
779.7180 7.236466e-01
780.7170 7.229322e-01
781.7170 7.215411e-01
782.7160 7.208710e-01
783.7150 7.180471e-01
784.7150 7.181281e-01
785.7140 7.177915e-01
786.7140 7.152088e-01
787.7130 7.131731e-01
788.7130 7.125510e-01
789.7120 7.131931e-01
790.7110 7.122474e-01
791.7110 7.109919e-01
792.7100 7.100273e-01
793.7100 7.086372e-01
794.7090 7.071456e-01
795.7080 7.050640e-01
796.7080 7.042493e-01
797.7070 7.023049e-01
798.7070 7.012615e-01
799.7060 7.009171e-01
800.7050 6.979238e-01
801.7050 6.970925e-01
802.7040 6.964347e-01
803.7040 6.931032e-01
804.7030 6.917872e-01
805.7030 6.912780e-01
806.7020 6.900267e-01
807.7010 6.882245e-01
808.7010 6.870897e-01
809.7000 6.839129e-01
810.7000 6.831066e-01
811.6990 6.824191e-01
812.6980 6.807991e-01
813.6980 6.790169e-01
814.6970 6.766991e-01
815.6970 6.753341e-01
816.6960 6.732787e-01
817.6950 6.697695e-01
818.6950 6.690291e-01
819.6940 6.666606e-01
820.6940 6.650287e-01
821.6930 6.626336e-01
822.6930 6.609934e-01
823.6920 6.592646e-01
824.6910 6.564422e-01
825.6910 6.562581e-01
826.6900 6.529030e-01
827.6900 6.520249e-01
828.6890 6.505937e-01
829.6880 6.484259e-01
830.6880 6.458080e-01
831.6870 6.434842e-01
832.6870 6.391000e-01
833.6860 6.368165e-01
834.6850 6.353579e-01
835.6850 6.337859e-01
836.6840 6.316748e-01
837.6840 6.295539e-01
838.6830 6.274434e-01
839.6830 6.239688e-01
840.6820 6.211784e-01
841.6810 6.195754e-01
842.6810 6.168865e-01
843.6800 6.143684e-01
844.6800 6.117576e-01
845.6790 6.077853e-01
846.6780 6.043242e-01
847.6780 6.037661e-01
848.6770 6.014289e-01
849.6770 5.982617e-01
850.6760 5.955527e-01
851.6750 5.919843e-01
852.6750 5.872018e-01
853.6740 5.853847e-01
854.6740 5.831627e-01
855.6730 5.787996e-01
856.6730 5.761834e-01
857.6720 5.749494e-01
858.6710 5.716795e-01
859.6710 5.676348e-01
860.6700 5.650880e-01
861.6700 5.616313e-01
862.6690 5.585644e-01
863.6680 5.553353e-01
864.6680 5.515213e-01
865.6670 5.478395e-01
866.6670 5.446950e-01
867.6660 5.422211e-01
868.6650 5.382588e-01
869.6650 5.353498e-01
870.6640 5.320237e-01
871.6640 5.286583e-01
872.6630 5.250665e-01
873.6630 5.216356e-01
874.6620 5.182027e-01
875.6610 5.146041e-01
876.6610 5.110805e-01
877.6600 5.061632e-01
878.6600 5.032109e-01
879.6590 4.993328e-01
880.6580 4.959369e-01
881.6580 4.927824e-01
882.6570 4.892540e-01
883.6570 4.851838e-01
884.6560 4.816277e-01
885.6550 4.783134e-01
886.6550 4.748206e-01
887.6540 4.708890e-01
888.6540 4.671054e-01
889.6530 4.627964e-01
890.6530 4.592420e-01
891.6520 4.558556e-01
892.6510 4.521600e-01
893.6510 4.483506e-01
894.6500 4.443915e-01
895.6500 4.405321e-01
896.6490 4.369948e-01
897.6480 4.323924e-01
898.6480 4.287715e-01
899.6470 4.249421e-01
900.6470 4.213959e-01
901.6460 4.173577e-01
902.6460 4.136761e-01
903.6450 4.101684e-01
904.6440 4.060834e-01
905.6440 4.025090e-01
906.6430 3.985831e-01
907.6430 3.941776e-01
908.6420 3.897875e-01
909.6410 3.861864e-01
910.6410 3.823529e-01
911.6400 3.779477e-01
912.6400 3.734114e-01
913.6390 3.689520e-01
914.6380 3.632871e-01
915.6380 3.575421e-01
916.6370 3.508166e-01
917.6370 3.426052e-01
918.6360 3.325388e-01
919.6360 3.184402e-01
920.6350 3.006216e-01
921.6340 2.781052e-01
922.6340 2.488560e-01
923.6330 2.140213e-01
924.6330 1.758104e-01
925.6320 1.363697e-01
926.6310 9.895305e-02
927.6310 6.665592e-02
928.6300 4.117649e-02
929.6300 2.341490e-02
930.6290 1.259014e-02
931.6280 6.455362e-03
932.6280 3.428037e-03
933.6270 2.226009e-03
934.6270 1.952365e-03
935.6260 2.084832e-03
936.6260 2.077910e-03
937.6250 1.682432e-03
938.6240 1.796606e-03
939.6240 1.804853e-03
940.6230 1.733376e-03
941.6230 1.753562e-03
942.6220 1.618672e-03
943.6210 1.548674e-03
944.6210 1.773112e-03
945.6200 1.653122e-03
946.6200 1.717921e-03
947.6190 1.745371e-03
948.6180 2.027216e-03
949.6180 2.078425e-03
950.6170 2.068039e-03
951.6170 2.088211e-03
952.6160 1.937173e-03
953.6160 2.235954e-03
954.6150 1.894498e-03
955.6140 1.724831e-03
956.6140 1.557032e-03
957.6130 1.302684e-03
958.6130 1.289551e-03
959.6120 9.628276e-04
960.6110 8.088432e-04
961.6110 7.432667e-04
962.6100 6.266181e-04
963.6100 5.729035e-04
964.6090 7.101904e-04
965.6080 7.707318e-04
966.6080 6.801134e-04
967.6070 6.535986e-04
968.6070 7.841942e-04
969.6060 7.481979e-04
970.6060 7.993226e-04
971.6050 8.525323e-04
972.6040 8.672978e-04
973.6040 7.857130e-04
974.6030 8.775643e-04
975.6030 7.832722e-04
976.6020 7.194299e-04
977.6010 7.351179e-04
978.6010 6.902651e-04
979.6000 6.179343e-04
980.6000 5.233057e-04
981.5990 4.866337e-04
982.5980 5.153351e-04
983.5980 5.196796e-04
984.5970 4.411705e-04
985.5970 4.150557e-04
986.5960 4.038814e-04
