# Euclid/NISP.J from the SVO Filter Profile Service, 2026-09-28
# wavelength[nm] throughput
1141.0000 1.576900e-04
1142.0000 1.873730e-04
1143.0000 2.256840e-04
1144.0000 2.299190e-04
1145.0000 2.397960e-04
1146.0000 2.798300e-04
1147.0000 3.391820e-04
1148.0000 4.015150e-04
1149.0000 4.894180e-04
1150.0000 6.124570e-04
1151.0000 7.550670e-04
1152.0000 9.734710e-04
1153.0000 1.286010e-03
1154.0000 1.730300e-03
1155.0000 2.406310e-03
1156.0000 3.417080e-03
1157.0000 4.906980e-03
1158.0000 7.294190e-03
1159.0000 1.126710e-02
1160.0000 1.792040e-02
1161.0000 2.907970e-02
1162.0000 4.714300e-02
1163.0000 7.739890e-02
1164.0000 1.226570e-01
1165.0000 1.826460e-01
1166.0000 2.539480e-01
1167.0000 3.351030e-01
1168.0000 4.258950e-01
1169.0000 5.229350e-01
1170.0000 6.174990e-01
1171.0000 6.933320e-01
1172.0000 7.426110e-01
1173.0000 7.676740e-01
1174.0000 7.783260e-01
1175.0000 7.810370e-01
1176.0000 7.823230e-01
1177.0000 7.839760e-01
1178.0000 7.840510e-01
1179.0000 7.824350e-01
1180.0000 7.817110e-01
1181.0000 7.800480e-01
1182.0000 7.795780e-01
1183.0000 7.796390e-01
1184.0000 7.798440e-01
1185.0000 7.797450e-01
1186.0000 7.794520e-01
1187.0000 7.804850e-01
1188.0000 7.813510e-01
1189.0000 7.808840e-01
1190.0000 7.814430e-01
1191.0000 7.823680e-01
1192.0000 7.823620e-01
1193.0000 7.824300e-01
1194.0000 7.822700e-01
1195.0000 7.826710e-01
1196.0000 7.840630e-01
1197.0000 7.849680e-01
1198.0000 7.860220e-01
1199.0000 7.864860e-01
1200.0000 7.870400e-01
1201.0000 7.876540e-01
1202.0000 7.882550e-01
1203.0000 7.887360e-01
1204.0000 7.888400e-01
1205.0000 7.887290e-01
1206.0000 7.885590e-01
1207.0000 7.889310e-01
1208.0000 7.890420e-01
1209.0000 7.889050e-01
1210.0000 7.895620e-01
1211.0000 7.901300e-01
1212.0000 7.907170e-01
1213.0000 7.902580e-01
1214.0000 7.891560e-01
1215.0000 7.885750e-01
1216.0000 7.882350e-01
1217.0000 7.873210e-01
1218.0000 7.864600e-01
1219.0000 7.848520e-01
1220.0000 7.833700e-01
1221.0000 7.828600e-01
1222.0000 7.826120e-01
1223.0000 7.823430e-01
1224.0000 7.823420e-01
1225.0000 7.830130e-01
1226.0000 7.839570e-01
1227.0000 7.866740e-01
1228.0000 7.884310e-01
1229.0000 7.892380e-01
1230.0000 7.909520e-01
1231.0000 7.920740e-01
1232.0000 7.924560e-01
1233.0000 7.920470e-01
1234.0000 7.921840e-01
1235.0000 7.908750e-01
1236.0000 7.896350e-01
1237.0000 7.882850e-01
1238.0000 7.868470e-01
1239.0000 7.852840e-01
1240.0000 7.843680e-01
1241.0000 7.839280e-01
1242.0000 7.845970e-01
1243.0000 7.849830e-01
1244.0000 7.852690e-01
1245.0000 7.866580e-01
1246.0000 7.880620e-01
1247.0000 7.897110e-01
1248.0000 7.911670e-01
1249.0000 7.925960e-01
1250.0000 7.943620e-01
1251.0000 7.954030e-01
1252.0000 7.966270e-01
1253.0000 7.966460e-01
1254.0000 7.960060e-01
1255.0000 7.960930e-01
1256.0000 7.961990e-01
1257.0000 7.955360e-01
1258.0000 7.958740e-01
1259.0000 7.953080e-01
1260.0000 7.958310e-01
1261.0000 7.960890e-01
1262.0000 7.960880e-01
1263.0000 7.967490e-01
1264.0000 7.965260e-01
1265.0000 7.963410e-01
1266.0000 7.973900e-01
1267.0000 7.987640e-01
1268.0000 7.988340e-01
1269.0000 7.987280e-01
1270.0000 7.979750e-01
1271.0000 7.982140e-01
1272.0000 7.981060e-01
1273.0000 7.970090e-01
1274.0000 7.960200e-01
1275.0000 7.959080e-01
1276.0000 7.953290e-01
1277.0000 7.953520e-01
1278.0000 7.951370e-01
1279.0000 7.948370e-01
1280.0000 7.948380e-01
1281.0000 7.953650e-01
1282.0000 7.961180e-01
1283.0000 7.967250e-01
1284.0000 7.964360e-01
1285.0000 7.968990e-01
1286.0000 7.973750e-01
1287.0000 7.959850e-01
1288.0000 7.966770e-01
1289.0000 7.958670e-01
1290.0000 7.949530e-01
1291.0000 7.937420e-01
1292.0000 7.932720e-01
1293.0000 7.927440e-01
1294.0000 7.902000e-01
1295.0000 7.893770e-01
1296.0000 7.888110e-01
1297.0000 7.889250e-01
1298.0000 7.891120e-01
1299.0000 7.885410e-01
1300.0000 7.894170e-01
1301.0000 7.907840e-01
1302.0000 7.917640e-01
1303.0000 7.923770e-01
1304.0000 7.925500e-01
1305.0000 7.935260e-01
1306.0000 7.948000e-01
1307.0000 7.955600e-01
1308.0000 7.964360e-01
1309.0000 7.962660e-01
1310.0000 7.958490e-01
1311.0000 7.965790e-01
1312.0000 7.965700e-01
1313.0000 7.964400e-01
1314.0000 7.957020e-01
1315.0000 7.943190e-01
1316.0000 7.947980e-01
1317.0000 7.941160e-01
1318.0000 7.936610e-01
1319.0000 7.938430e-01
1320.0000 7.941800e-01
1321.0000 7.951660e-01
1322.0000 7.954970e-01
1323.0000 7.956280e-01
1324.0000 7.956950e-01
1325.0000 7.972200e-01
1326.0000 7.994680e-01
1327.0000 7.989920e-01
1328.0000 7.993130e-01
1329.0000 8.006410e-01
1330.0000 8.004300e-01
1331.0000 8.027170e-01
1332.0000 8.028480e-01
1333.0000 8.021360e-01
1334.0000 8.033820e-01
1335.0000 8.034150e-01
1336.0000 8.048350e-01
1337.0000 8.038850e-01
1338.0000 8.045980e-01
1339.0000 8.039270e-01
1340.0000 8.043190e-01
1341.0000 8.045190e-01
1342.0000 8.049400e-01
1343.0000 8.041720e-01
1344.0000 8.043580e-01
1345.0000 8.034030e-01
1346.0000 8.038590e-01
1347.0000 8.032210e-01
1348.0000 8.024660e-01
1349.0000 8.030640e-01
1350.0000 7.996040e-01
1351.0000 8.007750e-01
1352.0000 8.004380e-01
1353.0000 8.010680e-01
1354.0000 8.006870e-01
1355.0000 7.995800e-01
1356.0000 7.993600e-01
1357.0000 7.991980e-01
1358.0000 8.008010e-01
1359.0000 8.019650e-01
1360.0000 8.005540e-01
1361.0000 8.030490e-01
1362.0000 8.024040e-01
1363.0000 8.013920e-01
1364.0000 8.009580e-01
1365.0000 8.012060e-01
1366.0000 8.014250e-01
1367.0000 8.009280e-01
1368.0000 8.008440e-01
1369.0000 8.023450e-01
1370.0000 8.019780e-01
1371.0000 8.024890e-01
1372.0000 8.020140e-01
1373.0000 8.010300e-01
1374.0000 8.008260e-01
1375.0000 7.995160e-01
1376.0000 8.006860e-01
1377.0000 8.001050e-01
1378.0000 7.987630e-01
1379.0000 7.976110e-01
1380.0000 7.978830e-01
1381.0000 7.971710e-01
1382.0000 7.962570e-01
1383.0000 7.962930e-01
1384.0000 7.969080e-01
1385.0000 7.964200e-01
1386.0000 7.964760e-01
1387.0000 7.968730e-01
1388.0000 7.967710e-01
1389.0000 7.980050e-01
1390.0000 7.965550e-01
1391.0000 7.949260e-01
1392.0000 7.945290e-01
1393.0000 7.940730e-01
1394.0000 7.946510e-01
1395.0000 7.954540e-01
1396.0000 7.933310e-01
1397.0000 7.903780e-01
1398.0000 7.882380e-01
1399.0000 7.858420e-01
1400.0000 7.863200e-01
1401.0000 7.882770e-01
1402.0000 7.864580e-01
1403.0000 7.861820e-01
1404.0000 7.870470e-01
1405.0000 7.859060e-01
1406.0000 7.855790e-01
1407.0000 7.863090e-01
1408.0000 7.869310e-01
1409.0000 7.882440e-01
1410.0000 7.879040e-01
1411.0000 7.882250e-01
1412.0000 7.889100e-01
1413.0000 7.891480e-01
1414.0000 7.912210e-01
1415.0000 7.912450e-01
1416.0000 7.912760e-01
1417.0000 7.901750e-01
1418.0000 7.909090e-01
1419.0000 7.912090e-01
1420.0000 7.901760e-01
1421.0000 7.895620e-01
1422.0000 7.891130e-01
1423.0000 7.885490e-01
1424.0000 7.884070e-01
1425.0000 7.874970e-01
1426.0000 7.863920e-01
1427.0000 7.856070e-01
1428.0000 7.862660e-01
1429.0000 7.856760e-01
1430.0000 7.853790e-01
1431.0000 7.854020e-01
1432.0000 7.852680e-01
1433.0000 7.856390e-01
1434.0000 7.861030e-01
1435.0000 7.868450e-01
1436.0000 7.873130e-01
1437.0000 7.875840e-01
1438.0000 7.883130e-01
1439.0000 7.892870e-01
1440.0000 7.888420e-01
1441.0000 7.880300e-01
1442.0000 7.885280e-01
1443.0000 7.890830e-01
1444.0000 7.886570e-01
1445.0000 7.867620e-01
1446.0000 7.870270e-01
1447.0000 7.862530e-01
1448.0000 7.854220e-01
1449.0000 7.851950e-01
1450.0000 7.847060e-01
1451.0000 7.843430e-01
1452.0000 7.832240e-01
1453.0000 7.835920e-01
1454.0000 7.831530e-01
1455.0000 7.822290e-01
1456.0000 7.829160e-01
1457.0000 7.839790e-01
1458.0000 7.847770e-01
1459.0000 7.847470e-01
1460.0000 7.854700e-01
1461.0000 7.858250e-01
1462.0000 7.859200e-01
1463.0000 7.863410e-01
1464.0000 7.859100e-01
1465.0000 7.863710e-01
1466.0000 7.870230e-01
1467.0000 7.867180e-01
1468.0000 7.864420e-01
1469.0000 7.868100e-01
1470.0000 7.860470e-01
1471.0000 7.854110e-01
1472.0000 7.845290e-01
1473.0000 7.848870e-01
1474.0000 7.847020e-01
1475.0000 7.842670e-01
1476.0000 7.839670e-01
1477.0000 7.829400e-01
1478.0000 7.827130e-01
1479.0000 7.823830e-01
1480.0000 7.806370e-01
1481.0000 7.812630e-01
1482.0000 7.808650e-01
1483.0000 7.811660e-01
1484.0000 7.813930e-01
1485.0000 7.810370e-01
1486.0000 7.813090e-01
1487.0000 7.814940e-01
1488.0000 7.813970e-01
1489.0000 7.811020e-01
1490.0000 7.816630e-01
1491.0000 7.815780e-01
1492.0000 7.806430e-01
1493.0000 7.814570e-01
1494.0000 7.817040e-01
1495.0000 7.812680e-01
1496.0000 7.817380e-01
1497.0000 7.812960e-01
1498.0000 7.821060e-01
1499.0000 7.826430e-01
1500.0000 7.833820e-01
1501.0000 7.828230e-01
1502.0000 7.823400e-01
1503.0000 7.834090e-01
1504.0000 7.830550e-01
1505.0000 7.844560e-01
1506.0000 7.840170e-01
1507.0000 7.847720e-01
1508.0000 7.848340e-01
1509.0000 7.843740e-01
1510.0000 7.843670e-01
1511.0000 7.843230e-01
1512.0000 7.844420e-01
1513.0000 7.847200e-01
1514.0000 7.832910e-01
1515.0000 7.831650e-01
1516.0000 7.830990e-01
1517.0000 7.829230e-01
1518.0000 7.838420e-01
1519.0000 7.824580e-01
1520.0000 7.829450e-01
1521.0000 7.831940e-01
1522.0000 7.825870e-01
1523.0000 7.833220e-01
1524.0000 7.837710e-01
1525.0000 7.846020e-01
1526.0000 7.855310e-01
1527.0000 7.849050e-01
1528.0000 7.865620e-01
1529.0000 7.865420e-01
1530.0000 7.872660e-01
1531.0000 7.868450e-01
1532.0000 7.854520e-01
1533.0000 7.865340e-01
1534.0000 7.857160e-01
1535.0000 7.853750e-01
1536.0000 7.838640e-01
1537.0000 7.823340e-01
1538.0000 7.816920e-01
1539.0000 7.800910e-01
1540.0000 7.799740e-01
1541.0000 7.777440e-01
1542.0000 7.776520e-01
1543.0000 7.776980e-01
1544.0000 7.769270e-01
1545.0000 7.774690e-01
1546.0000 7.772310e-01
1547.0000 7.762350e-01
1548.0000 7.787880e-01
1549.0000 7.778080e-01
1550.0000 7.790960e-01
1551.0000 7.802500e-01
1552.0000 7.805090e-01
1553.0000 7.811600e-01
1554.0000 7.810290e-01
1555.0000 7.810700e-01
1556.0000 7.786230e-01
1557.0000 7.739110e-01
1558.0000 7.669150e-01
1559.0000 7.554300e-01
1560.0000 7.349890e-01
1561.0000 7.086060e-01
1562.0000 6.745540e-01
1563.0000 6.323180e-01
1564.0000 5.816120e-01
1565.0000 5.248860e-01
1566.0000 4.575710e-01
1567.0000 3.887810e-01
1568.0000 3.198720e-01
1569.0000 2.559050e-01
1570.0000 2.009210e-01
1571.0000 1.541440e-01
1572.0000 1.162080e-01
1573.0000 8.779360e-02
1574.0000 6.620850e-02
1575.0000 4.914380e-02
1576.0000 3.692410e-02
1577.0000 2.815260e-02
1578.0000 2.169140e-02
1579.0000 1.682550e-02
1580.0000 1.311810e-02
1581.0000 1.031720e-02
1582.0000 8.110730e-03
1583.0000 6.494880e-03
1584.0000 5.233670e-03
1585.0000 4.253030e-03
1586.0000 3.511730e-03
1587.0000 2.920370e-03
1588.0000 2.415280e-03
1589.0000 2.005960e-03
1590.0000 1.695800e-03
1591.0000 1.431000e-03
1592.0000 1.221140e-03
1593.0000 1.063970e-03
1594.0000 9.199010e-04
1595.0000 7.819170e-04
1596.0000 6.776370e-04
1597.0000 5.833780e-04
1598.0000 5.091820e-04
1599.0000 4.554940e-04
1600.0000 4.154040e-04
1601.0000 3.663740e-04
1602.0000 3.143400e-04
1603.0000 2.873870e-04
1604.0000 2.806490e-04
1605.0000 2.488370e-04
1606.0000 2.175480e-04
1607.0000 2.033750e-04
1608.0000 1.956440e-04
1609.0000 1.636290e-04
1610.0000 1.453270e-04
