# Subaru/HSC.i from the SVO Filter Profile Service, 2026-09-28
# wavelength[nm] throughput
650.3000 3.600000e-03
650.7300 3.500000e-03
651.1600 3.600000e-03
651.6000 3.300000e-03
652.0300 3.500000e-03
652.4600 3.500000e-03
652.8900 3.600000e-03
653.3300 3.500000e-03
653.7600 3.700000e-03
654.1900 3.400000e-03
654.6300 3.600000e-03
655.0600 3.700000e-03
655.4900 3.600000e-03
655.9200 3.600000e-03
656.3600 3.600000e-03
656.7900 3.400000e-03
657.2200 3.500000e-03
657.6600 3.600000e-03
658.0900 3.800000e-03
658.5200 3.700000e-03
658.9500 3.700000e-03
659.3900 3.800000e-03
659.8200 3.600000e-03
660.2500 3.600000e-03
660.6900 3.600000e-03
661.1200 3.800000e-03
661.5500 3.900000e-03
661.9900 3.600000e-03
662.4200 3.800000e-03
662.8500 3.700000e-03
663.2900 3.600000e-03
663.7200 3.600000e-03
664.1500 3.700000e-03
664.5900 3.600000e-03
665.0200 3.800000e-03
665.4600 3.600000e-03
665.8900 3.600000e-03
666.3200 4.000000e-03
666.7600 3.800000e-03
667.1900 3.900000e-03
667.6200 3.700000e-03
668.0600 3.800000e-03
668.4900 3.600000e-03
668.9300 3.900000e-03
669.3600 3.900000e-03
669.7900 3.700000e-03
670.2300 3.900000e-03
670.6600 4.000000e-03
671.1000 4.000000e-03
671.5300 3.700000e-03
671.9600 3.900000e-03
672.4000 3.800000e-03
672.8300 3.900000e-03
673.2700 3.900000e-03
673.7000 4.000000e-03
674.1400 3.900000e-03
674.5700 3.900000e-03
675.0000 4.200000e-03
675.4400 4.200000e-03
675.8700 3.900000e-03
676.3100 4.000000e-03
676.7400 4.100000e-03
677.1800 4.000000e-03
677.6100 4.200000e-03
678.0500 4.100000e-03
678.4800 4.000000e-03
678.9200 4.100000e-03
679.3500 4.100000e-03
679.7900 4.200000e-03
680.2200 4.100000e-03
680.6600 4.200000e-03
681.0900 4.200000e-03
681.5300 4.200000e-03
681.9600 4.300000e-03
682.4000 4.600000e-03
682.8300 4.400000e-03
683.2700 4.300000e-03
683.7000 4.500000e-03
684.1400 4.500000e-03
684.5700 4.700000e-03
685.0100 4.800000e-03
685.4400 4.700000e-03
685.8800 4.900000e-03
686.3100 5.000000e-03
686.7500 5.200000e-03
687.1800 5.500000e-03
687.6200 5.600000e-03
688.0600 6.000000e-03
688.4900 6.500000e-03
688.9300 7.000000e-03
689.3600 7.800000e-03
689.8000 8.900000e-03
690.2300 1.020000e-02
690.6700 1.200000e-02
691.1100 1.460000e-02
691.5400 1.780000e-02
691.9800 2.240000e-02
692.4100 2.860000e-02
692.8500 3.620000e-02
693.2900 4.620000e-02
693.7200 5.800000e-02
694.1600 7.260000e-02
694.5900 9.000000e-02
695.0300 1.097000e-01
695.4700 1.333000e-01
695.9000 1.603000e-01
696.3400 1.903000e-01
696.7700 2.235000e-01
697.2100 2.599000e-01
697.6500 2.983000e-01
698.0800 3.379000e-01
698.5200 3.768000e-01
698.9600 4.133000e-01
699.3900 4.465000e-01
699.8300 4.763000e-01
700.2700 4.998000e-01
700.7000 5.192000e-01
701.1400 5.346000e-01
701.5800 5.467000e-01
702.0100 5.562000e-01
702.4500 5.646000e-01
702.8900 5.718000e-01
703.3200 5.784000e-01
703.7600 5.840000e-01
704.2000 5.891000e-01
704.6300 5.938000e-01
705.0700 5.982000e-01
705.5100 6.024000e-01
705.9400 6.055000e-01
706.3800 6.086000e-01
706.8200 6.113000e-01
707.2600 6.135000e-01
707.6900 6.148000e-01
708.1300 6.155000e-01
708.5700 6.165000e-01
709.0000 6.174000e-01
709.4400 6.173000e-01
709.8800 6.173000e-01
710.3200 6.171000e-01
710.7500 6.168000e-01
711.1900 6.161000e-01
711.6300 6.155000e-01
712.0700 6.151000e-01
712.5000 6.143000e-01
712.9400 6.130000e-01
713.3800 6.114000e-01
713.8200 6.106000e-01
714.2500 6.067000e-01
714.6900 6.011000e-01
715.1300 5.956000e-01
715.5700 5.909000e-01
716.0100 5.852000e-01
716.4400 5.804000e-01
716.8800 5.754000e-01
717.3200 5.708000e-01
717.7600 5.661000e-01
718.2000 5.641000e-01
718.6300 5.660000e-01
719.0700 5.682000e-01
719.5100 5.698000e-01
719.9500 5.719000e-01
720.3900 5.739000e-01
720.8200 5.752000e-01
721.2600 5.775000e-01
721.7000 5.795000e-01
722.1400 5.806000e-01
722.5800 5.820000e-01
723.0200 5.823000e-01
723.4500 5.835000e-01
723.8900 5.842000e-01
724.3300 5.853000e-01
724.7700 5.863000e-01
725.2100 5.875000e-01
725.6500 5.885000e-01
726.0800 5.894000e-01
726.5200 5.905000e-01
726.9600 5.911000e-01
727.4000 5.920000e-01
727.8400 5.928000e-01
728.2800 5.938000e-01
728.7200 5.938000e-01
729.1600 5.945000e-01
729.6000 5.948000e-01
730.0300 5.953000e-01
730.4700 5.970000e-01
730.9100 5.992000e-01
731.3500 6.012000e-01
731.7900 6.034000e-01
732.2300 6.050000e-01
732.6700 6.066000e-01
733.1100 6.084000e-01
733.5500 6.102000e-01
733.9900 6.119000e-01
734.4200 6.118000e-01
734.8600 6.113000e-01
735.3000 6.112000e-01
735.7400 6.107000e-01
736.1800 6.103000e-01
736.6200 6.096000e-01
737.0600 6.090000e-01
737.5000 6.092000e-01
737.9400 6.083000e-01
738.3800 6.083000e-01
738.8200 6.088000e-01
739.2600 6.077000e-01
739.7000 6.079000e-01
740.1400 6.083000e-01
740.5800 6.081000e-01
741.0200 6.077000e-01
741.4600 6.078000e-01
741.9000 6.071000e-01
742.3400 6.074000e-01
742.7800 6.065000e-01
743.2200 6.059000e-01
743.6600 6.058000e-01
744.1000 6.046000e-01
744.5400 6.045000e-01
744.9800 6.040000e-01
745.4200 6.036000e-01
745.8600 6.030000e-01
746.3000 6.023000e-01
746.7400 6.020000e-01
747.1800 6.022000e-01
747.6200 6.013000e-01
748.0600 6.009000e-01
748.5000 6.012000e-01
748.9400 6.007000e-01
749.3800 6.007000e-01
749.8200 6.009000e-01
750.2600 6.006000e-01
750.7000 6.008000e-01
751.1400 6.003000e-01
751.5800 6.004000e-01
752.0200 6.008000e-01
752.4600 6.009000e-01
752.9000 6.007000e-01
753.3400 6.010000e-01
753.7900 6.004000e-01
754.2300 6.004000e-01
754.6700 6.008000e-01
755.1100 6.007000e-01
755.5500 6.010000e-01
755.9900 6.011000e-01
756.4300 6.013000e-01
756.8700 6.018000e-01
757.3100 5.969000e-01
757.7500 5.915000e-01
758.1900 5.797000e-01
758.6400 5.590000e-01
759.0800 5.307000e-01
759.5200 4.666000e-01
759.9600 4.013000e-01
760.4000 3.711000e-01
760.8400 3.439000e-01
761.2800 3.624000e-01
761.7200 4.063000e-01
762.1700 4.286000e-01
762.6100 4.152000e-01
763.0500 4.038000e-01
763.4900 4.090000e-01
763.9300 4.143000e-01
764.3700 4.327000e-01
764.8100 4.533000e-01
765.2600 4.762000e-01
765.7000 4.983000e-01
766.1400 5.182000e-01
766.5800 5.333000e-01
767.0200 5.476000e-01
767.4600 5.681000e-01
767.9100 5.887000e-01
768.3500 5.922000e-01
768.7900 5.920000e-01
769.2300 5.907000e-01
769.6700 5.897000e-01
770.1100 5.893000e-01
770.5600 5.882000e-01
771.0000 5.881000e-01
771.4400 5.870000e-01
771.8800 5.865000e-01
772.3200 5.860000e-01
772.7700 5.854000e-01
773.2100 5.854000e-01
773.6500 5.852000e-01
774.0900 5.847000e-01
774.5400 5.850000e-01
774.9800 5.843000e-01
775.4200 5.848000e-01
775.8600 5.844000e-01
776.3000 5.841000e-01
776.7500 5.845000e-01
777.1900 5.843000e-01
777.6300 5.839000e-01
778.0700 5.832000e-01
778.5200 5.834000e-01
778.9600 5.830000e-01
779.4000 5.832000e-01
779.8400 5.828000e-01
780.2900 5.827000e-01
780.7300 5.827000e-01
781.1700 5.824000e-01
781.6100 5.823000e-01
782.0600 5.823000e-01
782.5000 5.821000e-01
782.9400 5.816000e-01
783.3900 5.822000e-01
783.8300 5.821000e-01
784.2700 5.825000e-01
784.7100 5.820000e-01
785.1600 5.815000e-01
785.6000 5.816000e-01
786.0400 5.814000e-01
786.4900 5.813000e-01
786.9300 5.805000e-01
787.3700 5.802000e-01
787.8200 5.793000e-01
788.2600 5.795000e-01
788.7000 5.786000e-01
789.1500 5.785000e-01
789.5900 5.777000e-01
790.0300 5.775000e-01
790.4800 5.773000e-01
790.9200 5.764000e-01
791.3600 5.760000e-01
791.8100 5.757000e-01
792.2500 5.750000e-01
792.6900 5.748000e-01
793.1400 5.744000e-01
793.5800 5.745000e-01
794.0200 5.737000e-01
794.4700 5.735000e-01
794.9100 5.730000e-01
795.3500 5.724000e-01
795.8000 5.726000e-01
796.2400 5.721000e-01
796.6800 5.717000e-01
797.1300 5.713000e-01
797.5700 5.708000e-01
798.0200 5.709000e-01
798.4600 5.704000e-01
798.9000 5.701000e-01
799.3500 5.703000e-01
799.7900 5.698000e-01
800.2400 5.692000e-01
800.6800 5.693000e-01
801.1200 5.690000e-01
801.5700 5.679000e-01
802.0100 5.681000e-01
802.4600 5.677000e-01
802.9000 5.670000e-01
803.3400 5.668000e-01
803.7900 5.661000e-01
804.2300 5.650000e-01
804.6800 5.648000e-01
805.1200 5.643000e-01
805.5700 5.630000e-01
806.0100 5.624000e-01
806.4500 5.620000e-01
806.9000 5.614000e-01
807.3400 5.605000e-01
807.7900 5.601000e-01
808.2300 5.594000e-01
808.6800 5.587000e-01
809.1200 5.585000e-01
809.5700 5.583000e-01
810.0100 5.573000e-01
810.4600 5.550000e-01
810.9000 5.526000e-01
811.3400 5.493000e-01
811.7900 5.473000e-01
812.2300 5.447000e-01
812.6800 5.418000e-01
813.1200 5.394000e-01
813.5700 5.369000e-01
814.0100 5.347000e-01
814.4600 5.350000e-01
814.9000 5.344000e-01
815.3500 5.343000e-01
815.7900 5.342000e-01
816.2400 5.337000e-01
816.6800 5.338000e-01
817.1300 5.331000e-01
817.5700 5.334000e-01
818.0200 5.333000e-01
818.4600 5.330000e-01
818.9100 5.328000e-01
819.3500 5.326000e-01
819.8000 5.323000e-01
820.2500 5.321000e-01
820.6900 5.318000e-01
821.1400 5.307000e-01
821.5800 5.304000e-01
822.0300 5.295000e-01
822.4700 5.288000e-01
822.9200 5.274000e-01
823.3600 5.269000e-01
823.8100 5.257000e-01
824.2500 5.253000e-01
824.7000 5.238000e-01
825.1400 5.227000e-01
825.5900 5.217000e-01
826.0400 5.215000e-01
826.4800 5.205000e-01
826.9300 5.199000e-01
827.3700 5.191000e-01
827.8200 5.182000e-01
828.2600 5.186000e-01
828.7100 5.176000e-01
829.1600 5.175000e-01
829.6000 5.172000e-01
830.0500 5.168000e-01
830.4900 5.194000e-01
830.9400 5.202000e-01
831.3900 5.222000e-01
831.8300 5.238000e-01
832.2800 5.249000e-01
832.7200 5.266000e-01
833.1700 5.279000e-01
833.6200 5.293000e-01
834.0600 5.299000e-01
834.5100 5.317000e-01
834.9500 5.328000e-01
835.4000 5.323000e-01
835.8500 5.310000e-01
836.2900 5.299000e-01
836.7400 5.291000e-01
837.1900 5.289000e-01
837.6300 5.270000e-01
838.0800 5.256000e-01
838.5300 5.245000e-01
838.9700 5.237000e-01
839.4200 5.224000e-01
839.8600 5.206000e-01
840.3100 5.197000e-01
840.7600 5.182000e-01
841.2000 5.169000e-01
841.6500 5.158000e-01
842.1000 5.146000e-01
842.5400 5.128000e-01
842.9900 5.117000e-01
843.4400 5.096000e-01
843.8800 5.080000e-01
844.3300 5.061000e-01
844.7800 5.040000e-01
845.2200 5.019000e-01
845.6700 4.996000e-01
846.1200 4.967000e-01
846.5700 4.931000e-01
847.0100 4.890000e-01
847.4600 4.847000e-01
847.9100 4.791000e-01
848.3500 4.720000e-01
848.8000 4.635000e-01
849.2500 4.539000e-01
849.6900 4.428000e-01
850.1400 4.301000e-01
850.5900 4.162000e-01
851.0400 4.007000e-01
851.4800 3.829000e-01
851.9300 3.638000e-01
852.3800 3.444000e-01
852.8200 3.234000e-01
853.2700 3.013000e-01
853.7200 2.789000e-01
854.1700 2.555000e-01
854.6100 2.320000e-01
855.0600 2.090000e-01
855.5100 1.856000e-01
855.9600 1.636000e-01
856.4000 1.426000e-01
856.8500 1.234000e-01
857.3000 1.060000e-01
857.7500 9.110000e-02
858.1900 7.850000e-02
858.6400 6.750000e-02
859.0900 5.890000e-02
859.5400 5.140000e-02
859.9800 4.510000e-02
860.4300 4.000000e-02
860.8800 3.630000e-02
861.3300 3.280000e-02
861.7800 3.050000e-02
862.2200 2.770000e-02
862.6700 2.650000e-02
863.1200 2.460000e-02
863.5700 2.360000e-02
864.0100 2.240000e-02
864.4600 2.150000e-02
864.9100 2.020000e-02
865.3600 1.960000e-02
865.8100 1.880000e-02
866.2500 1.780000e-02
866.7000 1.740000e-02
867.1500 1.650000e-02
867.6000 1.640000e-02
868.0500 1.560000e-02
868.4900 1.550000e-02
868.9400 1.510000e-02
869.3900 1.420000e-02
869.8400 1.420000e-02
870.2900 1.370000e-02
870.7400 1.370000e-02
871.1800 1.330000e-02
871.6300 1.330000e-02
872.0800 1.320000e-02
872.5300 1.310000e-02
872.9800 1.280000e-02
873.4300 1.210000e-02
873.8700 1.240000e-02
874.3200 1.250000e-02
874.7700 1.190000e-02
875.2200 1.180000e-02
875.6700 1.180000e-02
876.1200 1.140000e-02
876.5700 1.150000e-02
877.0100 1.130000e-02
877.4600 1.110000e-02
877.9100 1.100000e-02
878.3600 1.040000e-02
878.8100 1.050000e-02
879.2600 1.060000e-02
879.7100 1.090000e-02
880.1600 1.070000e-02
880.6000 1.070000e-02
881.0500 1.020000e-02
881.5000 1.030000e-02
881.9500 9.800000e-03
882.4000 1.020000e-02
882.8500 9.900000e-03
883.3000 9.400000e-03
883.7500 1.010000e-02
884.2000 9.500000e-03
884.6400 9.700000e-03
885.0900 9.400000e-03
885.5400 9.300000e-03
885.9900 9.400000e-03
886.4400 9.400000e-03
886.8900 9.400000e-03
887.3400 9.400000e-03
887.7900 8.800000e-03
888.2400 9.700000e-03
888.6900 9.200000e-03
889.1400 9.200000e-03
889.5800 9.500000e-03
890.0300 9.000000e-03
890.4800 8.800000e-03
890.9300 8.700000e-03
891.3800 8.900000e-03
891.8300 8.500000e-03
892.2800 8.000000e-03
892.7300 8.100000e-03
893.1800 8.500000e-03
893.6300 8.100000e-03
894.0800 8.200000e-03
894.5300 8.000000e-03
894.9800 7.700000e-03
895.4300 7.500000e-03
895.8800 7.600000e-03
896.3300 7.500000e-03
896.7800 7.700000e-03
897.2300 7.600000e-03
897.6800 7.300000e-03
898.1300 7.000000e-03
898.5700 7.000000e-03
899.0200 7.300000e-03
899.4700 7.200000e-03
899.9200 7.000000e-03
