# Subaru/HSC.g from the SVO Filter Profile Service, 2026-09-28
# wavelength[nm] throughput
384.0000 0.000000e+00
385.0000 1.000000e-04
386.0000 1.000000e-04
387.0000 1.000000e-04
388.0000 1.000000e-04
389.0000 1.000000e-04
390.0000 1.000000e-04
391.0000 3.000000e-04
392.0000 4.000000e-04
393.0000 8.000000e-04
394.0000 2.300000e-03
395.0000 5.800000e-03
396.0000 1.270000e-02
397.0000 2.560000e-02
398.0000 5.050000e-02
399.0000 9.690000e-02
400.0000 1.630000e-01
401.0000 2.274000e-01
402.0000 2.693000e-01
403.0000 2.885000e-01
404.0000 2.966000e-01
405.0000 3.018000e-01
406.0000 3.062000e-01
407.0000 3.113000e-01
408.0000 3.181000e-01
409.0000 3.227000e-01
410.0000 3.282000e-01
411.0000 3.329000e-01
412.0000 3.381000e-01
413.0000 3.416000e-01
414.0000 3.459000e-01
415.0000 3.507000e-01
416.0000 3.556000e-01
417.0000 3.602000e-01
418.0000 3.647000e-01
419.0000 3.700000e-01
420.0000 3.749000e-01
421.0000 3.776000e-01
422.0000 3.815000e-01
423.0000 3.855000e-01
424.0000 3.894000e-01
425.0000 3.948000e-01
426.0000 3.965000e-01
427.0000 4.000000e-01
428.0000 4.016000e-01
429.0000 4.041000e-01
430.0000 4.090000e-01
431.0000 4.146000e-01
432.0000 4.203000e-01
433.0000 4.242000e-01
434.0000 4.283000e-01
435.0000 4.319000e-01
436.0000 4.350000e-01
437.0000 4.383000e-01
438.0000 4.411000e-01
439.0000 4.451000e-01
440.0000 4.496000e-01
441.0000 4.528000e-01
442.0000 4.551000e-01
443.0000 4.589000e-01
444.0000 4.622000e-01
445.0000 4.648000e-01
446.0000 4.693000e-01
447.0000 4.728000e-01
448.0000 4.754000e-01
449.0000 4.791000e-01
450.0000 4.819000e-01
451.0000 4.847000e-01
452.0000 4.860000e-01
453.0000 4.887000e-01
454.0000 4.927000e-01
455.0000 4.958000e-01
456.0000 4.992000e-01
457.0000 5.023000e-01
458.0000 5.057000e-01
459.0000 5.082000e-01
460.0000 5.117000e-01
461.0000 5.132000e-01
462.0000 5.147000e-01
463.0000 5.165000e-01
464.0000 5.178000e-01
465.0000 5.191000e-01
466.0000 5.214000e-01
467.0000 5.242000e-01
468.0000 5.265000e-01
469.0000 5.293000e-01
470.0000 5.315000e-01
471.0000 5.336000e-01
472.0000 5.348000e-01
473.0000 5.364000e-01
474.0000 5.372000e-01
475.0000 5.371000e-01
476.0000 5.389000e-01
477.0000 5.404000e-01
478.0000 5.432000e-01
479.0000 5.465000e-01
480.0000 5.484000e-01
481.0000 5.495000e-01
482.0000 5.517000e-01
483.0000 5.531000e-01
484.0000 5.537000e-01
485.0000 5.560000e-01
486.0000 5.560000e-01
487.0000 5.572000e-01
488.0000 5.616000e-01
489.0000 5.631000e-01
490.0000 5.649000e-01
491.0000 5.666000e-01
492.0000 5.666000e-01
493.0000 5.680000e-01
494.0000 5.690000e-01
495.0000 5.711000e-01
496.0000 5.727000e-01
497.0000 5.741000e-01
498.0000 5.754000e-01
499.0000 5.801000e-01
500.0000 5.835000e-01
501.0000 5.857000e-01
502.0000 5.871000e-01
503.0000 5.867000e-01
504.0000 5.865000e-01
505.0000 5.861000e-01
506.0000 5.875000e-01
507.0000 5.894000e-01
508.0000 5.928000e-01
509.0000 5.959000e-01
510.0000 5.970000e-01
511.0000 5.983000e-01
512.0000 5.991000e-01
513.0000 6.006000e-01
514.0000 6.019000e-01
515.0000 6.030000e-01
516.0000 6.043000e-01
517.0000 6.065000e-01
518.0000 6.080000e-01
519.0000 6.086000e-01
520.0000 6.102000e-01
521.0000 6.121000e-01
522.0000 6.139000e-01
523.0000 6.146000e-01
524.0000 6.151000e-01
525.0000 6.144000e-01
526.0000 6.169000e-01
527.0000 6.187000e-01
528.0000 6.186000e-01
529.0000 6.215000e-01
530.0000 6.221000e-01
531.0000 6.222000e-01
532.0000 6.238000e-01
533.0000 6.255000e-01
534.0000 6.283000e-01
535.0000 6.330000e-01
536.0000 6.333000e-01
537.0000 6.344000e-01
538.0000 6.370000e-01
539.0000 6.382000e-01
540.0000 6.381000e-01
541.0000 6.349000e-01
542.0000 6.240000e-01
543.0000 5.994000e-01
544.0000 5.523000e-01
545.0000 4.841000e-01
546.0000 3.991000e-01
547.0000 3.081000e-01
548.0000 2.239000e-01
549.0000 1.532000e-01
550.0000 9.870000e-02
551.0000 5.900000e-02
552.0000 3.290000e-02
553.0000 1.740000e-02
554.0000 9.200000e-03
555.0000 5.100000e-03
556.0000 3.200000e-03
557.0000 2.200000e-03
558.0000 1.600000e-03
559.0000 1.200000e-03
560.0000 1.000000e-03
561.0000 7.000000e-04
562.0000 5.000000e-04
563.0000 3.000000e-04
564.0000 3.000000e-04
565.0000 2.000000e-04
566.0000 2.000000e-04
567.0000 2.000000e-04
568.0000 2.000000e-04
569.0000 2.000000e-04
570.0000 1.000000e-04
