# Subaru/HSC.r from the SVO Filter Profile Service, 2026-09-28
# wavelength[nm] throughput
500.1900 5.800000e-03
500.6100 5.900000e-03
501.0300 5.900000e-03
501.4400 5.700000e-03
501.8600 5.700000e-03
502.2800 6.100000e-03
502.7000 5.900000e-03
503.1100 5.700000e-03
503.5300 5.900000e-03
503.9500 6.000000e-03
504.3700 6.100000e-03
504.7900 6.000000e-03
505.2100 5.900000e-03
505.6200 5.900000e-03
506.0400 5.700000e-03
506.4600 6.100000e-03
506.8800 6.100000e-03
507.3000 5.800000e-03
507.7200 6.000000e-03
508.1400 6.000000e-03
508.5500 6.000000e-03
508.9700 5.900000e-03
509.3900 6.100000e-03
509.8100 5.800000e-03
510.2300 6.200000e-03
510.6500 6.000000e-03
511.0700 6.200000e-03
511.4900 6.200000e-03
511.9000 6.300000e-03
512.3200 6.200000e-03
512.7400 6.000000e-03
513.1600 6.100000e-03
513.5800 6.300000e-03
514.0000 6.400000e-03
514.4200 6.300000e-03
514.8400 6.300000e-03
515.2600 6.200000e-03
515.6800 6.200000e-03
516.1000 6.100000e-03
516.5200 6.500000e-03
516.9400 6.400000e-03
517.3600 6.700000e-03
517.7700 6.500000e-03
518.1900 6.400000e-03
518.6100 6.400000e-03
519.0300 6.200000e-03
519.4500 6.300000e-03
519.8700 6.500000e-03
520.2900 6.300000e-03
520.7100 6.700000e-03
521.1300 6.500000e-03
521.5500 6.300000e-03
521.9700 6.500000e-03
522.3900 6.600000e-03
522.8100 6.600000e-03
523.2300 6.600000e-03
523.6500 6.700000e-03
524.0700 6.700000e-03
524.4900 6.800000e-03
524.9100 6.900000e-03
525.3300 6.700000e-03
525.7600 6.900000e-03
526.1800 6.700000e-03
526.6000 6.800000e-03
527.0200 7.000000e-03
527.4400 7.200000e-03
527.8600 7.300000e-03
528.2800 7.300000e-03
528.7000 7.500000e-03
529.1200 7.600000e-03
529.5400 7.500000e-03
529.9600 8.000000e-03
530.3800 8.000000e-03
530.8000 8.200000e-03
531.2200 8.400000e-03
531.6500 8.600000e-03
532.0700 9.400000e-03
532.4900 9.600000e-03
532.9100 1.000000e-02
533.3300 1.030000e-02
533.7500 1.110000e-02
534.1700 1.150000e-02
534.5900 1.190000e-02
535.0200 1.280000e-02
535.4400 1.360000e-02
535.8600 1.420000e-02
536.2800 1.520000e-02
536.7000 1.600000e-02
537.1200 1.720000e-02
537.5400 1.850000e-02
537.9700 2.020000e-02
538.3900 2.200000e-02
538.8100 2.420000e-02
539.2300 2.720000e-02
539.6500 3.050000e-02
540.0800 3.450000e-02
540.5000 3.920000e-02
540.9200 4.520000e-02
541.3400 5.180000e-02
541.7600 5.960000e-02
542.1900 6.880000e-02
542.6100 7.870000e-02
543.0300 9.020000e-02
543.4500 1.031000e-01
543.8700 1.168000e-01
544.3000 1.327000e-01
544.7200 1.497000e-01
545.1400 1.688000e-01
545.5600 1.898000e-01
545.9900 2.129000e-01
546.4100 2.380000e-01
546.8300 2.655000e-01
547.2500 2.956000e-01
547.6800 3.275000e-01
548.1000 3.604000e-01
548.5200 3.950000e-01
548.9400 4.290000e-01
549.3700 4.625000e-01
549.7900 4.945000e-01
550.2100 5.247000e-01
550.6400 5.511000e-01
551.0600 5.740000e-01
551.4800 5.932000e-01
551.9100 6.087000e-01
552.3300 6.206000e-01
552.7500 6.296000e-01
553.1700 6.361000e-01
553.6000 6.404000e-01
554.0200 6.442000e-01
554.4400 6.477000e-01
554.8700 6.500000e-01
555.2900 6.519000e-01
555.7100 6.533000e-01
556.1400 6.544000e-01
556.5600 6.560000e-01
556.9900 6.563000e-01
557.4100 6.560000e-01
557.8300 6.579000e-01
558.2600 6.584000e-01
558.6800 6.592000e-01
559.1000 6.595000e-01
559.5300 6.600000e-01
559.9500 6.601000e-01
560.3800 6.606000e-01
560.8000 6.614000e-01
561.2200 6.623000e-01
561.6500 6.631000e-01
562.0700 6.633000e-01
562.5000 6.644000e-01
562.9200 6.647000e-01
563.3400 6.648000e-01
563.7700 6.658000e-01
564.1900 6.659000e-01
564.6200 6.660000e-01
565.0400 6.666000e-01
565.4700 6.668000e-01
565.8900 6.667000e-01
566.3100 6.670000e-01
566.7400 6.675000e-01
567.1600 6.678000e-01
567.5900 6.674000e-01
568.0100 6.677000e-01
568.4400 6.676000e-01
568.8600 6.679000e-01
569.2900 6.682000e-01
569.7100 6.682000e-01
570.1400 6.693000e-01
570.5600 6.689000e-01
570.9900 6.698000e-01
571.4100 6.702000e-01
571.8400 6.708000e-01
572.2600 6.715000e-01
572.6900 6.720000e-01
573.1100 6.727000e-01
573.5400 6.735000e-01
573.9600 6.745000e-01
574.3900 6.750000e-01
574.8100 6.755000e-01
575.2400 6.758000e-01
575.6600 6.765000e-01
576.0900 6.765000e-01
576.5200 6.772000e-01
576.9400 6.775000e-01
577.3700 6.773000e-01
577.7900 6.779000e-01
578.2200 6.776000e-01
578.6400 6.781000e-01
579.0700 6.784000e-01
579.4900 6.789000e-01
579.9200 6.786000e-01
580.3500 6.793000e-01
580.7700 6.792000e-01
581.2000 6.792000e-01
581.6200 6.802000e-01
582.0500 6.803000e-01
582.4800 6.809000e-01
582.9000 6.816000e-01
583.3300 6.818000e-01
583.7500 6.820000e-01
584.1800 6.826000e-01
584.6100 6.826000e-01
585.0300 6.830000e-01
585.4600 6.829000e-01
585.8900 6.828000e-01
586.3100 6.821000e-01
586.7400 6.829000e-01
587.1700 6.832000e-01
587.5900 6.826000e-01
588.0200 6.831000e-01
588.4500 6.835000e-01
588.8700 6.838000e-01
589.3000 6.833000e-01
589.7300 6.839000e-01
590.1500 6.843000e-01
590.5800 6.843000e-01
591.0100 6.850000e-01
591.4300 6.855000e-01
591.8600 6.857000e-01
592.2900 6.859000e-01
592.7100 6.864000e-01
593.1400 6.865000e-01
593.5700 6.868000e-01
594.0000 6.871000e-01
594.4200 6.875000e-01
594.8500 6.869000e-01
595.2800 6.873000e-01
595.7000 6.875000e-01
596.1300 6.874000e-01
596.5600 6.875000e-01
596.9900 6.878000e-01
597.4100 6.881000e-01
597.8400 6.881000e-01
598.2700 6.884000e-01
598.7000 6.891000e-01
599.1300 6.889000e-01
599.5500 6.893000e-01
599.9800 6.898000e-01
600.4100 6.906000e-01
600.8400 6.916000e-01
601.2600 6.916000e-01
601.6900 6.926000e-01
602.1200 6.929000e-01
602.5500 6.932000e-01
602.9800 6.931000e-01
603.4000 6.933000e-01
603.8300 6.930000e-01
604.2600 6.940000e-01
604.6900 6.932000e-01
605.1200 6.933000e-01
605.5400 6.940000e-01
605.9700 6.935000e-01
606.4000 6.939000e-01
606.8300 6.941000e-01
607.2600 6.948000e-01
607.6900 6.951000e-01
608.1200 6.955000e-01
608.5400 6.965000e-01
608.9700 6.972000e-01
609.4000 6.982000e-01
609.8300 6.987000e-01
610.2600 6.992000e-01
610.6900 6.998000e-01
611.1200 7.001000e-01
611.5400 7.006000e-01
611.9700 7.005000e-01
612.4000 7.004000e-01
612.8300 7.010000e-01
613.2600 7.008000e-01
613.6900 7.009000e-01
614.1200 7.010000e-01
614.5500 7.008000e-01
614.9800 7.013000e-01
615.4100 7.016000e-01
615.8400 7.017000e-01
616.2600 7.020000e-01
616.6900 7.025000e-01
617.1200 7.032000e-01
617.5500 7.039000e-01
617.9800 7.050000e-01
618.4100 7.050000e-01
618.8400 7.055000e-01
619.2700 7.058000e-01
619.7000 7.063000e-01
620.1300 7.060000e-01
620.5600 7.069000e-01
620.9900 7.064000e-01
621.4200 7.057000e-01
621.8500 7.062000e-01
622.2800 7.059000e-01
622.7100 7.055000e-01
623.1400 7.056000e-01
623.5700 7.054000e-01
624.0000 7.062000e-01
624.4300 7.063000e-01
624.8600 7.054000e-01
625.2900 7.060000e-01
625.7200 7.057000e-01
626.1500 7.057000e-01
626.5800 7.062000e-01
627.0100 7.053000e-01
627.4400 7.055000e-01
627.8700 7.049000e-01
628.3000 7.053000e-01
628.7300 7.049000e-01
629.1600 7.043000e-01
629.5900 7.046000e-01
630.0200 7.041000e-01
630.4500 7.043000e-01
630.8800 7.046000e-01
631.3100 7.046000e-01
631.7400 7.056000e-01
632.1700 7.050000e-01
632.6100 7.051000e-01
633.0400 7.054000e-01
633.4700 7.056000e-01
633.9000 7.054000e-01
634.3300 7.056000e-01
634.7600 7.056000e-01
635.1900 7.057000e-01
635.6200 7.044000e-01
636.0500 7.049000e-01
636.4800 7.042000e-01
636.9200 7.041000e-01
637.3500 7.045000e-01
637.7800 7.039000e-01
638.2100 7.041000e-01
638.6400 7.039000e-01
639.0700 7.042000e-01
639.5000 7.049000e-01
639.9300 7.047000e-01
640.3700 7.045000e-01
640.8000 7.050000e-01
641.2300 7.057000e-01
641.6600 7.058000e-01
642.0900 7.057000e-01
642.5200 7.056000e-01
642.9600 7.057000e-01
643.3900 7.051000e-01
643.8200 7.054000e-01
644.2500 7.048000e-01
644.6800 7.047000e-01
645.1100 7.048000e-01
645.5500 7.046000e-01
645.9800 7.045000e-01
646.4100 7.045000e-01
646.8400 7.043000e-01
647.2700 7.041000e-01
647.7100 7.045000e-01
648.1400 7.050000e-01
648.5700 7.045000e-01
649.0000 7.051000e-01
649.4400 7.055000e-01
649.8700 7.057000e-01
650.3000 7.056000e-01
650.7300 7.052000e-01
651.1600 7.055000e-01
651.6000 7.053000e-01
652.0300 7.049000e-01
652.4600 7.055000e-01
652.8900 7.047000e-01
653.3300 7.047000e-01
653.7600 7.043000e-01
654.1900 7.047000e-01
654.6300 7.040000e-01
655.0600 7.037000e-01
655.4900 7.036000e-01
655.9200 7.029000e-01
656.3600 7.032000e-01
656.7900 7.025000e-01
657.2200 7.020000e-01
657.6600 7.017000e-01
658.0900 7.014000e-01
658.5200 7.010000e-01
658.9500 7.006000e-01
659.3900 7.001000e-01
659.8200 7.006000e-01
660.2500 7.001000e-01
660.6900 7.004000e-01
661.1200 6.998000e-01
661.5500 7.001000e-01
661.9900 6.991000e-01
662.4200 6.996000e-01
662.8500 6.995000e-01
663.2900 6.993000e-01
663.7200 6.995000e-01
664.1500 6.994000e-01
664.5900 6.988000e-01
665.0200 6.984000e-01
665.4600 6.985000e-01
665.8900 6.976000e-01
666.3200 6.978000e-01
666.7600 6.972000e-01
667.1900 6.961000e-01
667.6200 6.957000e-01
668.0600 6.957000e-01
668.4900 6.948000e-01
668.9300 6.951000e-01
669.3600 6.949000e-01
669.7900 6.944000e-01
670.2300 6.941000e-01
670.6600 6.948000e-01
671.1000 6.943000e-01
671.5300 6.947000e-01
671.9600 6.948000e-01
672.4000 6.944000e-01
672.8300 6.946000e-01
673.2700 6.943000e-01
673.7000 6.946000e-01
674.1400 6.938000e-01
674.5700 6.940000e-01
675.0000 6.933000e-01
675.4400 6.932000e-01
675.8700 6.931000e-01
676.3100 6.930000e-01
676.7400 6.925000e-01
677.1800 6.925000e-01
677.6100 6.929000e-01
678.0500 6.924000e-01
678.4800 6.924000e-01
678.9200 6.925000e-01
679.3500 6.930000e-01
679.7900 6.922000e-01
680.2200 6.924000e-01
680.6600 6.923000e-01
681.0900 6.919000e-01
681.5300 6.913000e-01
681.9600 6.911000e-01
682.4000 6.878000e-01
682.8300 6.841000e-01
683.2700 6.806000e-01
683.7000 6.780000e-01
684.1400 6.744000e-01
684.5700 6.711000e-01
685.0100 6.675000e-01
685.4400 6.642000e-01
685.8800 6.607000e-01
686.3100 6.575000e-01
686.7500 6.540000e-01
687.1800 6.509000e-01
687.6200 6.469000e-01
688.0600 6.440000e-01
688.4900 6.447000e-01
688.9300 6.460000e-01
689.3600 6.461000e-01
689.8000 6.458000e-01
690.2300 6.445000e-01
690.6700 6.429000e-01
691.1100 6.394000e-01
691.5400 6.345000e-01
691.9800 6.284000e-01
692.4100 6.206000e-01
692.8500 6.107000e-01
693.2900 5.987000e-01
693.7200 5.852000e-01
694.1600 5.694000e-01
694.5900 5.515000e-01
695.0300 5.321000e-01
695.4700 5.103000e-01
695.9000 4.886000e-01
696.3400 4.649000e-01
696.7700 4.410000e-01
697.2100 4.165000e-01
697.6500 3.917000e-01
698.0800 3.665000e-01
698.5200 3.408000e-01
698.9600 3.159000e-01
699.3900 2.908000e-01
699.8300 2.665000e-01
700.2700 2.426000e-01
700.7000 2.192000e-01
701.1400 1.963000e-01
701.5800 1.749000e-01
702.0100 1.544000e-01
702.4500 1.352000e-01
702.8900 1.179000e-01
703.3200 1.022000e-01
703.7600 8.840000e-02
704.2000 7.670000e-02
704.6300 6.670000e-02
705.0700 5.830000e-02
705.5100 5.140000e-02
705.9400 4.570000e-02
706.3800 4.060000e-02
706.8200 3.660000e-02
707.2600 3.320000e-02
707.6900 3.020000e-02
708.1300 2.790000e-02
708.5700 2.590000e-02
709.0000 2.390000e-02
709.4400 2.250000e-02
709.8800 2.100000e-02
710.3200 1.970000e-02
710.7500 1.860000e-02
711.1900 1.760000e-02
711.6300 1.660000e-02
712.0700 1.570000e-02
712.5000 1.490000e-02
712.9400 1.440000e-02
713.3800 1.340000e-02
713.8200 1.270000e-02
714.2500 1.210000e-02
714.6900 1.130000e-02
715.1300 1.070000e-02
715.5700 1.010000e-02
716.0100 9.600000e-03
716.4400 9.000000e-03
716.8800 8.400000e-03
717.3200 8.200000e-03
717.7600 7.700000e-03
718.2000 7.500000e-03
718.6300 7.300000e-03
719.0700 7.000000e-03
719.5100 6.900000e-03
719.9500 6.700000e-03
720.3900 6.600000e-03
720.8200 6.500000e-03
721.2600 6.400000e-03
721.7000 6.300000e-03
722.1400 6.200000e-03
722.5800 6.100000e-03
723.0200 5.900000e-03
723.4500 5.800000e-03
723.8900 5.800000e-03
724.3300 5.700000e-03
724.7700 5.700000e-03
725.2100 5.600000e-03
725.6500 5.600000e-03
726.0800 5.500000e-03
726.5200 5.400000e-03
726.9600 5.300000e-03
727.4000 5.300000e-03
727.8400 5.200000e-03
728.2800 5.200000e-03
728.7200 5.000000e-03
729.1600 5.000000e-03
729.6000 5.000000e-03
730.0300 4.800000e-03
730.4700 4.900000e-03
730.9100 4.800000e-03
731.3500 4.800000e-03
731.7900 4.800000e-03
732.2300 4.900000e-03
732.6700 4.700000e-03
733.1100 4.800000e-03
733.5500 4.800000e-03
733.9900 4.700000e-03
734.4200 4.700000e-03
734.8600 4.700000e-03
735.3000 4.700000e-03
735.7400 4.600000e-03
736.1800 4.600000e-03
736.6200 4.500000e-03
737.0600 4.600000e-03
737.5000 4.500000e-03
737.9400 4.400000e-03
738.3800 4.500000e-03
738.8200 4.400000e-03
739.2600 4.300000e-03
739.7000 4.400000e-03
740.1400 4.400000e-03
740.5800 4.300000e-03
741.0200 4.400000e-03
741.4600 4.300000e-03
741.9000 4.200000e-03
742.3400 4.300000e-03
742.7800 4.200000e-03
743.2200 4.300000e-03
743.6600 4.200000e-03
744.1000 4.300000e-03
744.5400 4.100000e-03
744.9800 4.100000e-03
745.4200 4.100000e-03
745.8600 4.100000e-03
746.3000 4.100000e-03
746.7400 4.100000e-03
747.1800 4.100000e-03
747.6200 4.100000e-03
748.0600 4.000000e-03
748.5000 4.100000e-03
748.9400 4.000000e-03
749.3800 4.100000e-03
749.8200 3.900000e-03
