# Subaru/HSC.Y from the SVO Filter Profile Service, 2026-09-28
# wavelength[nm] throughput
900.0000 7.500000e-03
902.0000 3.300000e-03
904.0000 3.000000e-04
906.0000 3.100000e-03
908.0000 1.500000e-03
910.0000 5.000000e-03
912.0000 4.000000e-03
914.0000 7.600000e-03
916.0000 1.170000e-02
918.0000 1.410000e-02
920.0000 2.640000e-02
922.0000 3.730000e-02
924.0000 5.410000e-02
926.0000 8.600000e-02
928.0000 1.191000e-01
930.0000 1.495000e-01
932.0000 1.717000e-01
934.0000 1.991000e-01
936.0000 2.426000e-01
938.0000 2.940000e-01
940.0000 3.865000e-01
942.0000 3.959000e-01
944.0000 3.757000e-01
946.0000 4.018000e-01
948.0000 4.130000e-01
950.0000 4.044000e-01
952.0000 4.078000e-01
954.0000 4.048000e-01
956.0000 4.011000e-01
958.0000 4.026000e-01
960.0000 4.064000e-01
962.0000 4.153000e-01
964.0000 4.210000e-01
966.0000 4.148000e-01
968.0000 4.221000e-01
970.0000 4.226000e-01
972.0000 4.129000e-01
974.0000 3.978000e-01
976.0000 3.902000e-01
978.0000 3.902000e-01
980.0000 3.825000e-01
982.0000 3.814000e-01
984.0000 3.749000e-01
986.0000 3.663000e-01
988.0000 3.570000e-01
990.0000 3.481000e-01
992.0000 3.376000e-01
994.0000 3.269000e-01
996.0000 3.168000e-01
998.0000 3.055000e-01
1000.0000 2.956000e-01
1002.0000 2.817000e-01
1004.0000 2.679000e-01
1006.0000 2.544000e-01
1008.0000 2.411000e-01
1010.0000 2.290000e-01
1012.0000 2.169000e-01
1014.0000 2.036000e-01
1016.0000 1.901000e-01
1018.0000 1.763000e-01
1020.0000 1.628000e-01
1022.0000 1.536000e-01
1024.0000 1.438000e-01
1026.0000 1.346000e-01
1028.0000 1.251000e-01
1030.0000 1.154000e-01
1032.0000 1.058000e-01
1034.0000 9.610000e-02
1036.0000 8.660000e-02
1038.0000 7.710000e-02
1040.0000 6.780000e-02
1042.0000 6.470000e-02
1044.0000 6.140000e-02
1046.0000 5.810000e-02
1048.0000 5.500000e-02
1050.0000 5.160000e-02
1052.0000 4.840000e-02
1054.0000 4.510000e-02
1056.0000 4.160000e-02
1058.0000 3.810000e-02
1060.0000 3.430000e-02
1062.0000 3.020000e-02
1064.0000 2.590000e-02
1066.0000 2.130000e-02
1068.0000 1.680000e-02
1070.0000 1.250000e-02
1072.0000 8.800000e-03
1074.0000 5.700000e-03
1076.0000 3.400000e-03
1078.0000 1.800000e-03
1080.0000 7.000000e-04
1082.0000 5.000000e-04
1084.0000 3.000000e-04
1086.0000 1.000000e-04
1088.0000 1.000000e-04
1090.0000 0.000000e+00
