# Subaru/HSC.z from the SVO Filter Profile Service, 2026-09-28
# wavelength[nm] throughput
828.0000 6.100000e-03
830.0000 3.400000e-03
832.0000 4.000000e-03
834.0000 4.500000e-03
836.0000 5.600000e-03
838.0000 8.900000e-03
840.0000 2.100000e-02
842.0000 3.330000e-02
844.0000 5.440000e-02
846.0000 8.240000e-02
848.0000 1.281000e-01
850.0000 1.891000e-01
852.0000 2.546000e-01
854.0000 3.355000e-01
856.0000 4.037000e-01
858.0000 4.649000e-01
860.0000 5.147000e-01
862.0000 5.471000e-01
864.0000 5.697000e-01
866.0000 5.809000e-01
868.0000 5.872000e-01
870.0000 5.888000e-01
872.0000 5.897000e-01
874.0000 5.902000e-01
876.0000 5.902000e-01
878.0000 5.910000e-01
880.0000 5.901000e-01
882.0000 5.883000e-01
884.0000 5.864000e-01
886.0000 5.876000e-01
888.0000 5.874000e-01
890.0000 5.853000e-01
892.0000 5.845000e-01
894.0000 5.770000e-01
896.0000 5.627000e-01
898.0000 5.424000e-01
900.0000 5.335000e-01
902.0000 5.416000e-01
904.0000 5.564000e-01
906.0000 5.466000e-01
908.0000 5.276000e-01
910.0000 5.348000e-01
912.0000 5.416000e-01
914.0000 5.336000e-01
916.0000 5.326000e-01
918.0000 5.228000e-01
920.0000 5.299000e-01
922.0000 5.135000e-01
924.0000 4.886000e-01
926.0000 4.487000e-01
928.0000 3.889000e-01
930.0000 3.104000e-01
932.0000 2.159000e-01
934.0000 1.541000e-01
936.0000 1.108000e-01
938.0000 7.660000e-02
940.0000 5.700000e-02
942.0000 3.300000e-02
944.0000 1.760000e-02
946.0000 1.110000e-02
948.0000 7.400000e-03
950.0000 3.800000e-03
952.0000 2.100000e-03
954.0000 1.200000e-03
956.0000 1.000000e-04
