# LSST/LSST.z from the SVO Filter Profile Service, 2026-09-28
# wavelength[nm] throughput
803.0000 1.039400e-12
803.1000 9.090250e-04
803.2000 1.818470e-03
803.3000 2.704420e-03
803.4000 3.590770e-03
803.5000 4.501480e-03
803.6000 5.411500e-03
803.7000 6.297630e-03
803.8000 7.183810e-03
803.9000 8.093980e-03
804.0000 9.004210e-03
804.1000 9.890220e-03
804.2000 1.077620e-02
804.3000 1.168620e-02
804.4000 1.259610e-02
804.5000 1.348210e-02
804.6000 1.437400e-02
804.7000 1.529050e-02
804.8000 1.620780e-02
804.9000 1.712580e-02
805.0000 1.804460e-02
805.1000 1.893960e-02
805.2000 1.983520e-02
805.3000 2.075560e-02
805.4000 2.167660e-02
805.5000 2.257420e-02
805.6000 2.346300e-02
805.7000 2.437570e-02
805.8000 2.528840e-02
805.9000 2.617690e-02
806.0000 2.706540e-02
806.1000 2.797750e-02
806.2000 2.888960e-02
806.3000 2.980150e-02
806.4000 3.071340e-02
806.5000 3.160110e-02
806.6000 3.248880e-02
806.7000 3.340040e-02
806.8000 3.431190e-02
806.9000 3.519930e-02
807.0000 3.608670e-02
807.1000 3.699930e-02
807.2000 3.791180e-02
807.3000 3.880040e-02
807.4000 3.968890e-02
807.5000 4.060140e-02
807.6000 4.151390e-02
807.7000 4.240230e-02
807.8000 4.329070e-02
807.9000 4.420320e-02
808.0000 4.511560e-02
808.1000 4.690480e-02
808.2000 4.869310e-02
808.3000 5.048040e-02
808.4000 5.226670e-02
808.5000 5.405210e-02
808.6000 5.583650e-02
808.7000 5.762000e-02
808.8000 5.940240e-02
808.9000 6.120790e-02
809.0000 6.301250e-02
809.1000 6.479810e-02
809.2000 6.658300e-02
809.3000 6.836730e-02
809.4000 7.015100e-02
809.5000 7.193410e-02
809.6000 7.373170e-02
809.7000 7.552930e-02
809.8000 7.732710e-02
809.9000 7.912500e-02
810.0000 8.092290e-02
810.1000 8.271870e-02
810.2000 8.451450e-02
810.3000 8.631030e-02
810.4000 8.810610e-02
810.5000 8.992590e-02
810.6000 9.170800e-02
810.7000 9.346470e-02
810.8000 9.521990e-02
810.9000 9.697370e-02
811.0000 9.872600e-02
811.1000 1.004570e-01
811.2000 1.021860e-01
811.3000 1.039120e-01
811.4000 1.056370e-01
811.5000 1.073590e-01
811.6000 1.091020e-01
811.7000 1.108430e-01
811.8000 1.125820e-01
811.9000 1.143210e-01
812.0000 1.160570e-01
812.1000 1.178440e-01
812.2000 1.196300e-01
812.3000 1.213920e-01
812.4000 1.231530e-01
812.5000 1.249140e-01
812.6000 1.264900e-01
812.7000 1.280610e-01
812.8000 1.296260e-01
812.9000 1.311850e-01
813.0000 1.327390e-01
813.1000 1.340750e-01
813.2000 1.354010e-01
813.3000 1.367150e-01
813.4000 1.380180e-01
813.5000 1.393090e-01
813.6000 1.408580e-01
813.7000 1.424030e-01
813.8000 1.439430e-01
813.9000 1.455010e-01
814.0000 1.470550e-01
814.1000 1.486930e-01
814.2000 1.503290e-01
814.3000 1.519630e-01
814.4000 1.535950e-01
814.5000 1.552250e-01
814.6000 1.566170e-01
814.7000 1.580030e-01
814.8000 1.593810e-01
814.9000 1.607520e-01
815.0000 1.621150e-01
815.1000 1.634170e-01
815.2000 1.647110e-01
815.3000 1.659970e-01
815.4000 1.672740e-01
815.5000 1.685650e-01
815.6000 1.698860e-01
815.7000 1.711760e-01
815.8000 1.724580e-01
815.9000 1.737330e-01
816.0000 1.750010e-01
816.1000 1.764360e-01
816.2000 1.778670e-01
816.3000 1.792930e-01
816.4000 1.807150e-01
816.5000 1.821330e-01
816.6000 1.843650e-01
816.7000 1.866070e-01
816.8000 1.888600e-01
816.9000 1.911230e-01
817.0000 1.933970e-01
817.1000 1.951030e-01
817.2000 1.968100e-01
817.3000 1.984940e-01
817.4000 2.001780e-01
817.5000 2.018620e-01
817.6000 2.027430e-01
817.7000 2.036100e-01
817.8000 2.044650e-01
817.9000 2.053060e-01
818.0000 2.061330e-01
818.1000 2.084170e-01
818.2000 2.107110e-01
818.3000 2.130150e-01
818.4000 2.153290e-01
818.5000 2.176530e-01
818.6000 2.198420e-01
818.7000 2.220390e-01
818.8000 2.242440e-01
818.9000 2.264790e-01
819.0000 2.287220e-01
819.1000 2.304620e-01
819.2000 2.322030e-01
819.3000 2.339440e-01
819.4000 2.356860e-01
819.5000 2.374290e-01
819.6000 2.391210e-01
819.7000 2.408130e-01
819.8000 2.425040e-01
819.9000 2.441960e-01
820.0000 2.458880e-01
820.1000 2.488770e-01
820.2000 2.518840e-01
820.3000 2.549090e-01
820.4000 2.579520e-01
820.5000 2.610360e-01
820.6000 2.638030e-01
820.7000 2.665610e-01
820.8000 2.693320e-01
820.9000 2.721170e-01
821.0000 2.749140e-01
821.1000 2.765580e-01
821.2000 2.782000e-01
821.3000 2.798410e-01
821.4000 2.814800e-01
821.5000 2.831170e-01
821.6000 2.842190e-01
821.7000 2.853120e-01
821.8000 2.863970e-01
821.9000 2.874740e-01
822.0000 2.885430e-01
822.1000 2.878820e-01
822.2000 2.871910e-01
822.3000 2.864470e-01
822.4000 2.856740e-01
822.5000 2.848710e-01
822.6000 2.832190e-01
822.7000 2.815280e-01
822.8000 2.797980e-01
822.9000 2.780280e-01
823.0000 2.762190e-01
823.1000 2.792690e-01
823.2000 2.823360e-01
823.3000 2.854190e-01
823.4000 2.885190e-01
823.5000 2.916350e-01
823.6000 2.967030e-01
823.7000 3.018080e-01
823.8000 3.069510e-01
823.9000 3.121540e-01
824.0000 3.173960e-01
824.1000 3.204810e-01
824.2000 3.235810e-01
824.3000 3.266960e-01
824.4000 3.298250e-01
824.5000 3.329690e-01
824.6000 3.350720e-01
824.7000 3.371790e-01
824.8000 3.392900e-01
824.9000 3.414040e-01
825.0000 3.435220e-01
825.1000 3.449380e-01
825.2000 3.463520e-01
825.3000 3.477610e-01
825.4000 3.491670e-01
825.5000 3.505930e-01
825.6000 3.520160e-01
825.7000 3.534110e-01
825.8000 3.548030e-01
825.9000 3.561920e-01
826.0000 3.575760e-01
826.1000 3.602130e-01
826.2000 3.628580e-01
826.3000 3.655120e-01
826.4000 3.681740e-01
826.5000 3.708450e-01
826.6000 3.729020e-01
826.7000 3.749630e-01
826.8000 3.770250e-01
826.9000 3.790910e-01
827.0000 3.811590e-01
827.1000 3.810060e-01
827.2000 3.808360e-01
827.3000 3.806240e-01
827.4000 3.803940e-01
827.5000 3.801470e-01
827.6000 3.806970e-01
827.7000 3.812360e-01
827.8000 3.817650e-01
827.9000 3.822830e-01
828.0000 3.827910e-01
828.1000 3.852650e-01
828.2000 3.877460e-01
828.3000 3.902340e-01
828.4000 3.927290e-01
828.5000 3.952300e-01
828.6000 3.969730e-01
828.7000 3.985110e-01
828.8000 4.000480e-01
828.9000 4.009450e-01
829.0000 4.018420e-01
829.1000 4.029780e-01
829.2000 4.041150e-01
829.3000 4.052760e-01
829.4000 4.064380e-01
829.5000 4.075790e-01
829.6000 4.092430e-01
829.7000 4.109340e-01
829.8000 4.126280e-01
829.9000 4.143020e-01
830.0000 4.159790e-01
830.1000 4.170730e-01
830.2000 4.181680e-01
830.3000 4.192630e-01
830.4000 4.203600e-01
830.5000 4.214340e-01
830.6000 4.231320e-01
830.7000 4.248570e-01
830.8000 4.265860e-01
830.9000 4.282950e-01
831.0000 4.300070e-01
831.1000 4.307690e-01
831.2000 4.315310e-01
831.3000 4.322680e-01
831.4000 4.330050e-01
831.5000 4.337650e-01
831.6000 4.335260e-01
831.7000 4.332580e-01
831.8000 4.329870e-01
831.9000 4.327340e-01
832.0000 4.324770e-01
832.1000 4.340590e-01
832.2000 4.356440e-01
832.3000 4.365570e-01
832.4000 4.374700e-01
832.5000 4.381750e-01
832.6000 4.391550e-01
832.7000 4.401350e-01
832.8000 4.411140e-01
832.9000 4.420940e-01
833.0000 4.430730e-01
833.1000 4.428890e-01
833.2000 4.427040e-01
833.3000 4.425190e-01
833.4000 4.423340e-01
833.5000 4.421490e-01
833.6000 4.422400e-01
833.7000 4.423320e-01
833.8000 4.424240e-01
833.9000 4.425160e-01
834.0000 4.426080e-01
834.1000 4.433070e-01
834.2000 4.440050e-01
834.3000 4.447030e-01
834.4000 4.454000e-01
834.5000 4.460960e-01
834.6000 4.463320e-01
834.7000 4.465670e-01
834.8000 4.468010e-01
834.9000 4.470340e-01
835.0000 4.472660e-01
835.1000 4.470510e-01
835.2000 4.468350e-01
835.3000 4.466180e-01
835.4000 4.464000e-01
835.5000 4.461810e-01
835.6000 4.461450e-01
835.7000 4.461090e-01
835.8000 4.460710e-01
835.9000 4.460330e-01
836.0000 4.459950e-01
836.1000 4.461220e-01
836.2000 4.462490e-01
836.3000 4.463760e-01
836.4000 4.465040e-01
836.5000 4.466310e-01
836.6000 4.467590e-01
836.7000 4.468870e-01
836.8000 4.470160e-01
836.9000 4.471440e-01
837.0000 4.472720e-01
837.1000 4.473440e-01
837.2000 4.474170e-01
837.3000 4.474890e-01
837.4000 4.475610e-01
837.5000 4.476330e-01
837.6000 4.476130e-01
837.7000 4.475920e-01
837.8000 4.475710e-01
837.9000 4.475500e-01
838.0000 4.475290e-01
838.1000 4.476340e-01
838.2000 4.477380e-01
838.3000 4.478420e-01
838.4000 4.479460e-01
838.5000 4.480490e-01
838.6000 4.480610e-01
838.7000 4.480720e-01
838.8000 4.480830e-01
838.9000 4.480930e-01
839.0000 4.481030e-01
839.1000 4.480650e-01
839.2000 4.480280e-01
839.3000 4.479900e-01
839.4000 4.479520e-01
839.5000 4.479150e-01
839.6000 4.479700e-01
839.7000 4.480250e-01
839.8000 4.480800e-01
839.9000 4.481360e-01
840.0000 4.481920e-01
840.1000 4.480460e-01
840.2000 4.479000e-01
840.3000 4.477550e-01
840.4000 4.476090e-01
840.5000 4.474650e-01
840.6000 4.473200e-01
840.7000 4.471760e-01
840.8000 4.470320e-01
840.9000 4.468880e-01
841.0000 4.467440e-01
841.1000 4.467870e-01
841.2000 4.468290e-01
841.3000 4.468710e-01
841.4000 4.469140e-01
841.5000 4.469560e-01
841.6000 4.469980e-01
841.7000 4.470400e-01
841.8000 4.470820e-01
841.9000 4.471240e-01
842.0000 4.471650e-01
842.1000 4.472590e-01
842.2000 4.473530e-01
842.3000 4.474470e-01
842.4000 4.475410e-01
842.5000 4.476350e-01
842.6000 4.476370e-01
842.7000 4.476400e-01
842.8000 4.476430e-01
842.9000 4.476450e-01
843.0000 4.476480e-01
843.1000 4.475220e-01
843.2000 4.473970e-01
843.3000 4.472710e-01
843.4000 4.471450e-01
843.5000 4.470200e-01
843.6000 4.470760e-01
843.7000 4.471300e-01
843.8000 4.471850e-01
843.9000 4.472390e-01
844.0000 4.472940e-01
844.1000 4.472300e-01
844.2000 4.471670e-01
844.3000 4.471040e-01
844.4000 4.470430e-01
844.5000 4.469840e-01
844.6000 4.470170e-01
844.7000 4.470510e-01
844.8000 4.470880e-01
844.9000 4.471270e-01
845.0000 4.471670e-01
845.1000 4.472030e-01
845.2000 4.472420e-01
845.3000 4.472820e-01
845.4000 4.473240e-01
845.5000 4.473680e-01
845.6000 4.473220e-01
845.7000 4.472780e-01
845.8000 4.472350e-01
845.9000 4.471940e-01
846.0000 4.471530e-01
846.1000 4.470450e-01
846.2000 4.469380e-01
846.3000 4.468300e-01
846.4000 4.467230e-01
846.5000 4.466140e-01
846.6000 4.466870e-01
846.7000 4.467590e-01
846.8000 4.468310e-01
846.9000 4.469030e-01
847.0000 4.469750e-01
847.1000 4.469730e-01
847.2000 4.469710e-01
847.3000 4.469680e-01
847.4000 4.469660e-01
847.5000 4.469640e-01
847.6000 4.468710e-01
847.7000 4.467780e-01
847.8000 4.466840e-01
847.9000 4.465910e-01
848.0000 4.464980e-01
848.1000 4.464960e-01
848.2000 4.464930e-01
848.3000 4.464910e-01
848.4000 4.464880e-01
848.5000 4.464860e-01
848.6000 4.464840e-01
848.7000 4.464840e-01
848.8000 4.464840e-01
848.9000 4.464830e-01
849.0000 4.464830e-01
849.1000 4.464290e-01
849.2000 4.463750e-01
849.3000 4.463200e-01
849.4000 4.462630e-01
849.5000 4.462050e-01
849.6000 4.461450e-01
849.7000 4.460840e-01
849.8000 4.460210e-01
849.9000 4.459550e-01
850.0000 4.458880e-01
850.1000 4.459140e-01
850.2000 4.459370e-01
850.3000 4.459590e-01
850.4000 4.459790e-01
850.5000 4.459970e-01
850.6000 4.460130e-01
850.7000 4.460280e-01
850.8000 4.460420e-01
850.9000 4.460540e-01
851.0000 4.460660e-01
851.1000 4.459780e-01
851.2000 4.458890e-01
851.3000 4.458010e-01
851.4000 4.457130e-01
851.5000 4.456260e-01
851.6000 4.457210e-01
851.7000 4.458160e-01
851.8000 4.459120e-01
851.9000 4.460070e-01
852.0000 4.461020e-01
852.1000 4.461240e-01
852.2000 4.461460e-01
852.3000 4.461680e-01
852.4000 4.461900e-01
852.5000 4.462120e-01
852.6000 4.463240e-01
852.7000 4.464370e-01
852.8000 4.465500e-01
852.9000 4.466620e-01
853.0000 4.467750e-01
853.1000 4.467410e-01
853.2000 4.467060e-01
853.3000 4.466710e-01
853.4000 4.466370e-01
853.5000 4.466020e-01
853.6000 4.464760e-01
853.7000 4.463490e-01
853.8000 4.462210e-01
853.9000 4.460940e-01
854.0000 4.459670e-01
854.1000 4.459770e-01
854.2000 4.459890e-01
854.3000 4.460010e-01
854.4000 4.460150e-01
854.5000 4.460300e-01
854.6000 4.461380e-01
854.7000 4.462470e-01
854.8000 4.463580e-01
854.9000 4.464710e-01
855.0000 4.465860e-01
855.1000 4.466460e-01
855.2000 4.467070e-01
855.3000 4.467700e-01
855.4000 4.468350e-01
855.5000 4.469020e-01
855.6000 4.469700e-01
855.7000 4.470400e-01
855.8000 4.471110e-01
855.9000 4.471840e-01
856.0000 4.472570e-01
856.1000 4.472180e-01
856.2000 4.471800e-01
856.3000 4.471420e-01
856.4000 4.471040e-01
856.5000 4.470650e-01
856.6000 4.470250e-01
856.7000 4.469840e-01
856.8000 4.469440e-01
856.9000 4.469040e-01
857.0000 4.468640e-01
857.1000 4.468740e-01
857.2000 4.468850e-01
857.3000 4.468960e-01
857.4000 4.469060e-01
857.5000 4.469170e-01
857.6000 4.470190e-01
857.7000 4.471200e-01
857.8000 4.472220e-01
857.9000 4.473230e-01
858.0000 4.474250e-01
858.1000 4.474290e-01
858.2000 4.474330e-01
858.3000 4.474370e-01
858.4000 4.474420e-01
858.5000 4.474460e-01
858.6000 4.474510e-01
858.7000 4.474570e-01
858.8000 4.474630e-01
858.9000 4.474700e-01
859.0000 4.474760e-01
859.1000 4.475080e-01
859.2000 4.475390e-01
859.3000 4.475690e-01
859.4000 4.475980e-01
859.5000 4.476250e-01
859.6000 4.476510e-01
859.7000 4.476750e-01
859.8000 4.476970e-01
859.9000 4.477170e-01
860.0000 4.477350e-01
860.1000 4.477060e-01
860.2000 4.476760e-01
860.3000 4.476430e-01
860.4000 4.476080e-01
860.5000 4.475710e-01
860.6000 4.475330e-01
860.7000 4.474940e-01
860.8000 4.474530e-01
860.9000 4.474110e-01
861.0000 4.473680e-01
861.1000 4.473510e-01
861.2000 4.473350e-01
861.3000 4.473180e-01
861.4000 4.473010e-01
861.5000 4.472850e-01
861.6000 4.472700e-01
861.7000 4.472550e-01
861.8000 4.472410e-01
861.9000 4.472260e-01
862.0000 4.472110e-01
862.1000 4.472780e-01
862.2000 4.473440e-01
862.3000 4.474110e-01
862.4000 4.474780e-01
862.5000 4.475450e-01
862.6000 4.475210e-01
862.7000 4.474960e-01
862.8000 4.474720e-01
862.9000 4.474480e-01
863.0000 4.474240e-01
863.1000 4.474340e-01
863.2000 4.474440e-01
863.3000 4.474550e-01
863.4000 4.474650e-01
863.5000 4.474750e-01
863.6000 4.474840e-01
863.7000 4.474920e-01
863.8000 4.475000e-01
863.9000 4.475080e-01
864.0000 4.475160e-01
864.1000 4.475050e-01
864.2000 4.474940e-01
864.3000 4.474850e-01
864.4000 4.474770e-01
864.5000 4.474700e-01
864.6000 4.474650e-01
864.7000 4.474620e-01
864.8000 4.474610e-01
864.9000 4.474610e-01
865.0000 4.474640e-01
865.1000 4.474420e-01
865.2000 4.474210e-01
865.3000 4.474030e-01
865.4000 4.473860e-01
865.5000 4.473710e-01
865.6000 4.473580e-01
865.7000 4.473460e-01
865.8000 4.473360e-01
865.9000 4.473260e-01
866.0000 4.473180e-01
866.1000 4.473240e-01
866.2000 4.473310e-01
866.3000 4.473390e-01
866.4000 4.473450e-01
866.5000 4.473510e-01
866.6000 4.473560e-01
866.7000 4.473610e-01
866.8000 4.473660e-01
866.9000 4.473710e-01
867.0000 4.473750e-01
867.1000 4.473370e-01
867.2000 4.472990e-01
867.3000 4.472600e-01
867.4000 4.472220e-01
867.5000 4.471830e-01
867.6000 4.471450e-01
867.7000 4.471060e-01
867.8000 4.470680e-01
867.9000 4.470290e-01
868.0000 4.469910e-01
868.1000 4.470020e-01
868.2000 4.470140e-01
868.3000 4.470250e-01
868.4000 4.470370e-01
868.5000 4.470480e-01
868.6000 4.470620e-01
868.7000 4.470770e-01
868.8000 4.470930e-01
868.9000 4.471090e-01
869.0000 4.471240e-01
869.1000 4.470820e-01
869.2000 4.470370e-01
869.3000 4.469910e-01
869.4000 4.469420e-01
869.5000 4.468900e-01
869.6000 4.469260e-01
869.7000 4.469580e-01
869.8000 4.469870e-01
869.9000 4.470120e-01
870.0000 4.470320e-01
870.1000 4.469860e-01
870.2000 4.469350e-01
870.3000 4.468800e-01
870.4000 4.468210e-01
870.5000 4.467580e-01
870.6000 4.466920e-01
870.7000 4.466230e-01
870.8000 4.465510e-01
870.9000 4.464760e-01
871.0000 4.464000e-01
871.1000 4.463010e-01
871.2000 4.462010e-01
871.3000 4.461010e-01
871.4000 4.460010e-01
871.5000 4.459020e-01
871.6000 4.458060e-01
871.7000 4.457090e-01
871.8000 4.456110e-01
871.9000 4.455140e-01
872.0000 4.454170e-01
872.1000 4.453810e-01
872.2000 4.453450e-01
872.3000 4.453090e-01
872.4000 4.452730e-01
872.5000 4.452370e-01
872.6000 4.452010e-01
872.7000 4.451650e-01
872.8000 4.451300e-01
872.9000 4.450940e-01
873.0000 4.450580e-01
873.1000 4.449730e-01
873.2000 4.448870e-01
873.3000 4.448020e-01
873.4000 4.447160e-01
873.5000 4.446310e-01
873.6000 4.445430e-01
873.7000 4.444550e-01
873.8000 4.443660e-01
873.9000 4.442770e-01
874.0000 4.441880e-01
874.1000 4.441420e-01
874.2000 4.440980e-01
874.3000 4.440560e-01
874.4000 4.440150e-01
874.5000 4.439770e-01
874.6000 4.439420e-01
874.7000 4.439100e-01
874.8000 4.438800e-01
874.9000 4.438540e-01
875.0000 4.438310e-01
875.1000 4.437290e-01
875.2000 4.436310e-01
875.3000 4.435360e-01
875.4000 4.434430e-01
875.5000 4.433540e-01
875.6000 4.432670e-01
875.7000 4.431830e-01
875.8000 4.431010e-01
875.9000 4.430210e-01
876.0000 4.429420e-01
876.1000 4.429190e-01
876.2000 4.428960e-01
876.3000 4.428740e-01
876.4000 4.428510e-01
876.5000 4.428270e-01
876.6000 4.428010e-01
876.7000 4.427740e-01
876.8000 4.427480e-01
876.9000 4.427220e-01
877.0000 4.426960e-01
877.1000 4.426130e-01
877.2000 4.425290e-01
877.3000 4.424460e-01
877.4000 4.423620e-01
877.5000 4.422790e-01
877.6000 4.421950e-01
877.7000 4.421120e-01
877.8000 4.420290e-01
877.9000 4.419450e-01
878.0000 4.418620e-01
878.1000 4.417690e-01
878.2000 4.416760e-01
878.3000 4.415840e-01
878.4000 4.414910e-01
878.5000 4.413980e-01
878.6000 4.413040e-01
878.7000 4.412100e-01
878.8000 4.411140e-01
878.9000 4.410190e-01
879.0000 4.409240e-01
879.1000 4.409330e-01
879.2000 4.409430e-01
879.3000 4.409530e-01
879.4000 4.409650e-01
879.5000 4.409790e-01
879.6000 4.409950e-01
879.7000 4.410130e-01
879.8000 4.410320e-01
879.9000 4.410540e-01
880.0000 4.410780e-01
880.1000 4.410270e-01
880.2000 4.409770e-01
880.3000 4.409300e-01
880.4000 4.408850e-01
880.5000 4.408420e-01
880.6000 4.408010e-01
880.7000 4.407620e-01
880.8000 4.407240e-01
880.9000 4.406870e-01
881.0000 4.406520e-01
881.1000 4.407040e-01
881.2000 4.407570e-01
881.3000 4.408100e-01
881.4000 4.408620e-01
881.5000 4.409130e-01
881.6000 4.408730e-01
881.7000 4.408330e-01
881.8000 4.407920e-01
881.9000 4.407500e-01
882.0000 4.407090e-01
882.1000 4.407040e-01
882.2000 4.406990e-01
882.3000 4.406940e-01
882.4000 4.406880e-01
882.5000 4.406830e-01
882.6000 4.405880e-01
882.7000 4.404930e-01
882.8000 4.403980e-01
882.9000 4.403040e-01
883.0000 4.402090e-01
883.1000 4.402090e-01
883.2000 4.402080e-01
883.3000 4.402080e-01
883.4000 4.402080e-01
883.5000 4.402090e-01
883.6000 4.402090e-01
883.7000 4.402100e-01
883.8000 4.402100e-01
883.9000 4.402110e-01
884.0000 4.402120e-01
884.1000 4.401940e-01
884.2000 4.401760e-01
884.3000 4.401580e-01
884.4000 4.401400e-01
884.5000 4.401230e-01
884.6000 4.401070e-01
884.7000 4.400900e-01
884.8000 4.400740e-01
884.9000 4.400590e-01
885.0000 4.400440e-01
885.1000 4.398600e-01
885.2000 4.396770e-01
885.3000 4.394940e-01
885.4000 4.393120e-01
885.5000 4.391310e-01
885.6000 4.389510e-01
885.7000 4.387720e-01
885.8000 4.385930e-01
885.9000 4.384150e-01
886.0000 4.382380e-01
886.1000 4.382190e-01
886.2000 4.382000e-01
886.3000 4.381820e-01
886.4000 4.381640e-01
886.5000 4.381460e-01
886.6000 4.382160e-01
886.7000 4.382870e-01
886.8000 4.383580e-01
886.9000 4.384290e-01
887.0000 4.385000e-01
887.1000 4.384930e-01
887.2000 4.384870e-01
887.3000 4.384800e-01
887.4000 4.384740e-01
887.5000 4.384680e-01
887.6000 4.383730e-01
887.7000 4.382790e-01
887.8000 4.381850e-01
887.9000 4.380910e-01
888.0000 4.379980e-01
888.1000 4.380210e-01
888.2000 4.380440e-01
888.3000 4.380670e-01
888.4000 4.380900e-01
888.5000 4.381120e-01
888.6000 4.383160e-01
888.7000 4.385230e-01
888.8000 4.387300e-01
888.9000 4.389370e-01
889.0000 4.391430e-01
889.1000 4.389740e-01
889.2000 4.388020e-01
889.3000 4.386250e-01
889.4000 4.384430e-01
889.5000 4.382540e-01
889.6000 4.381480e-01
889.7000 4.380340e-01
889.8000 4.379120e-01
889.9000 4.377830e-01
890.0000 4.376470e-01
890.1000 4.374040e-01
890.2000 4.371550e-01
890.3000 4.368990e-01
890.4000 4.366360e-01
890.5000 4.363680e-01
890.6000 4.362720e-01
890.7000 4.361720e-01
890.8000 4.360670e-01
890.9000 4.359590e-01
891.0000 4.358490e-01
891.1000 4.356840e-01
891.2000 4.355190e-01
891.3000 4.353540e-01
891.4000 4.351910e-01
891.5000 4.350300e-01
891.6000 4.348740e-01
891.7000 4.347170e-01
891.8000 4.345590e-01
891.9000 4.344020e-01
892.0000 4.342440e-01
892.1000 4.339200e-01
892.2000 4.335960e-01
892.3000 4.332720e-01
892.4000 4.329470e-01
892.5000 4.326220e-01
892.6000 4.319440e-01
892.7000 4.312660e-01
892.8000 4.305890e-01
892.9000 4.299110e-01
893.0000 4.292350e-01
893.1000 4.288090e-01
893.2000 4.283840e-01
893.3000 4.279590e-01
893.4000 4.275350e-01
893.5000 4.271120e-01
893.6000 4.270350e-01
893.7000 4.269550e-01
893.8000 4.268740e-01
893.9000 4.267920e-01
894.0000 4.267120e-01
894.1000 4.260250e-01
894.2000 4.253430e-01
894.3000 4.246660e-01
894.4000 4.239960e-01
894.5000 4.233320e-01
894.6000 4.221530e-01
894.7000 4.209820e-01
894.8000 4.198210e-01
894.9000 4.186690e-01
895.0000 4.175270e-01
895.1000 4.160160e-01
895.2000 4.145160e-01
895.3000 4.130240e-01
895.4000 4.115410e-01
895.5000 4.100660e-01
895.6000 4.090350e-01
895.7000 4.080090e-01
895.8000 4.069900e-01
895.9000 4.059740e-01
896.0000 4.049630e-01
896.1000 4.035610e-01
896.2000 4.021600e-01
896.3000 4.007590e-01
896.4000 3.993560e-01
896.5000 3.979500e-01
896.6000 3.974110e-01
896.7000 3.968710e-01
896.8000 3.963320e-01
896.9000 3.957940e-01
897.0000 3.952550e-01
897.1000 3.961630e-01
897.2000 3.970710e-01
897.3000 3.979790e-01
897.4000 3.988880e-01
897.5000 3.997970e-01
897.6000 4.003580e-01
897.7000 4.009190e-01
897.8000 4.014810e-01
897.9000 4.020430e-01
898.0000 4.026040e-01
898.1000 3.992530e-01
898.2000 3.959020e-01
898.3000 3.925520e-01
898.4000 3.892030e-01
898.5000 3.858540e-01
898.6000 3.813790e-01
898.7000 3.769070e-01
898.8000 3.724370e-01
898.9000 3.679680e-01
899.0000 3.634990e-01
899.1000 3.655180e-01
899.2000 3.675340e-01
899.3000 3.695450e-01
899.4000 3.715530e-01
899.5000 3.735540e-01
899.6000 3.764190e-01
899.7000 3.792780e-01
899.8000 3.821290e-01
899.9000 3.849720e-01
900.0000 3.878080e-01
900.1000 3.867170e-01
900.2000 3.856190e-01
900.3000 3.845150e-01
900.4000 3.834040e-01
900.5000 3.822880e-01
900.6000 3.824670e-01
900.7000 3.826410e-01
900.8000 3.828090e-01
900.9000 3.829730e-01
901.0000 3.831340e-01
901.1000 3.839160e-01
901.2000 3.846960e-01
901.3000 3.854760e-01
901.4000 3.862550e-01
901.5000 3.870370e-01
901.6000 3.866980e-01
901.7000 3.863600e-01
901.8000 3.860210e-01
901.9000 3.856820e-01
902.0000 3.853430e-01
902.1000 3.847140e-01
902.2000 3.840850e-01
902.3000 3.834570e-01
902.4000 3.828290e-01
902.5000 3.822010e-01
902.6000 3.832090e-01
902.7000 3.842170e-01
902.8000 3.852250e-01
902.9000 3.862320e-01
903.0000 3.872390e-01
903.1000 3.900700e-01
903.2000 3.928980e-01
903.3000 3.957230e-01
903.4000 3.985460e-01
903.5000 4.013670e-01
903.6000 4.031550e-01
903.7000 4.049400e-01
903.8000 4.067230e-01
903.9000 4.085030e-01
904.0000 4.102820e-01
904.1000 4.097990e-01
904.2000 4.093170e-01
904.3000 4.088350e-01
904.4000 4.083550e-01
904.5000 4.078760e-01
904.6000 4.073130e-01
904.7000 4.067520e-01
904.8000 4.061920e-01
904.9000 4.056360e-01
905.0000 4.050810e-01
905.1000 4.050170e-01
905.2000 4.049550e-01
905.3000 4.048960e-01
905.4000 4.048380e-01
905.5000 4.047830e-01
905.6000 4.043040e-01
905.7000 4.038270e-01
905.8000 4.033510e-01
905.9000 4.028770e-01
906.0000 4.024030e-01
906.1000 4.002820e-01
906.2000 3.981620e-01
906.3000 3.960420e-01
906.4000 3.939230e-01
906.5000 3.918040e-01
906.6000 3.895140e-01
906.7000 3.872240e-01
906.8000 3.849360e-01
906.9000 3.826480e-01
907.0000 3.803620e-01
907.1000 3.794790e-01
907.2000 3.785960e-01
907.3000 3.777140e-01
907.4000 3.768330e-01
907.5000 3.759520e-01
907.6000 3.755800e-01
907.7000 3.752090e-01
907.8000 3.748370e-01
907.9000 3.744660e-01
908.0000 3.740950e-01
908.1000 3.742620e-01
908.2000 3.744280e-01
908.3000 3.745940e-01
908.4000 3.747600e-01
908.5000 3.749260e-01
908.6000 3.749220e-01
908.7000 3.749170e-01
908.8000 3.749120e-01
908.9000 3.749070e-01
909.0000 3.749020e-01
909.1000 3.752500e-01
909.2000 3.755980e-01
909.3000 3.753860e-01
909.4000 3.751730e-01
909.5000 3.747580e-01
909.6000 3.741750e-01
909.7000 3.736120e-01
909.8000 3.730480e-01
909.9000 3.724650e-01
910.0000 3.718810e-01
910.1000 3.704210e-01
910.2000 3.689650e-01
910.3000 3.674930e-01
910.4000 3.660250e-01
910.5000 3.645610e-01
910.6000 3.647320e-01
910.7000 3.649190e-01
910.8000 3.651010e-01
910.9000 3.652600e-01
911.0000 3.654140e-01
911.1000 3.650050e-01
911.2000 3.645940e-01
911.3000 3.641600e-01
911.4000 3.637250e-01
911.5000 3.633080e-01
911.6000 3.615360e-01
911.7000 3.597490e-01
911.8000 3.579670e-01
911.9000 3.562100e-01
912.0000 3.544580e-01
912.1000 3.545780e-01
912.2000 3.546930e-01
912.3000 3.548040e-01
912.4000 3.549100e-01
912.5000 3.550320e-01
912.6000 3.522020e-01
912.7000 3.491820e-01
912.8000 3.461740e-01
912.9000 3.426270e-01
913.0000 3.390980e-01
913.1000 3.354030e-01
913.2000 3.317280e-01
913.3000 3.280730e-01
913.4000 3.244390e-01
913.5000 3.208070e-01
913.6000 3.210560e-01
913.7000 3.213090e-01
913.8000 3.215460e-01
913.9000 3.217670e-01
914.0000 3.219710e-01
914.1000 3.228800e-01
914.2000 3.237640e-01
914.3000 3.246230e-01
914.4000 3.254580e-01
914.5000 3.262680e-01
914.6000 3.238740e-01
914.7000 3.214880e-01
914.8000 3.191100e-01
914.9000 3.167400e-01
915.0000 3.143780e-01
915.1000 3.093700e-01
915.2000 3.043990e-01
915.3000 2.994820e-01
915.4000 2.946000e-01
915.5000 2.897530e-01
915.6000 2.891650e-01
915.7000 2.885680e-01
915.8000 2.879610e-01
915.9000 2.873460e-01
916.0000 2.867210e-01
916.1000 2.884250e-01
916.2000 2.900940e-01
916.3000 2.917300e-01
916.4000 2.933310e-01
916.5000 2.948990e-01
916.6000 2.934500e-01
916.7000 2.920000e-01
916.8000 2.905500e-01
916.9000 2.890780e-01
917.0000 2.876060e-01
917.1000 2.839200e-01
917.2000 2.802580e-01
917.3000 2.766210e-01
917.4000 2.730080e-01
917.5000 2.694210e-01
917.6000 2.670560e-01
917.7000 2.647010e-01
917.8000 2.623570e-01
917.9000 2.600230e-01
918.0000 2.577000e-01
918.1000 2.576990e-01
918.2000 2.576810e-01
918.3000 2.576450e-01
918.4000 2.575910e-01
918.5000 2.575000e-01
918.6000 2.574480e-01
918.7000 2.573980e-01
918.8000 2.573290e-01
918.9000 2.572430e-01
919.0000 2.571380e-01
919.1000 2.560320e-01
919.2000 2.549210e-01
919.3000 2.538050e-01
919.4000 2.526830e-01
919.5000 2.515560e-01
919.6000 2.500000e-01
919.7000 2.484440e-01
919.8000 2.468880e-01
919.9000 2.453310e-01
920.0000 2.437740e-01
920.1000 2.428380e-01
920.2000 2.418940e-01
920.3000 2.409610e-01
920.4000 2.400190e-01
920.5000 2.390690e-01
920.6000 2.373660e-01
920.7000 2.356650e-01
920.8000 2.339670e-01
920.9000 2.322700e-01
921.0000 2.305740e-01
921.1000 2.283250e-01
921.2000 2.260860e-01
921.3000 2.238570e-01
921.4000 2.216390e-01
921.5000 2.194310e-01
921.6000 2.177410e-01
921.7000 2.160530e-01
921.8000 2.143680e-01
921.9000 2.126650e-01
922.0000 2.109640e-01
922.1000 2.098100e-01
922.2000 2.086500e-01
922.3000 2.074850e-01
922.4000 2.063130e-01
922.5000 2.051360e-01
922.6000 2.034420e-01
922.7000 2.017500e-01
922.8000 2.000610e-01
922.9000 1.983740e-01
923.0000 1.966900e-01
923.1000 1.949130e-01
923.2000 1.931390e-01
923.3000 1.913700e-01
923.4000 1.896050e-01
923.5000 1.878240e-01
923.6000 1.859710e-01
923.7000 1.841430e-01
923.8000 1.823210e-01
923.9000 1.805050e-01
924.0000 1.786940e-01
924.1000 1.769180e-01
924.2000 1.751460e-01
924.3000 1.733780e-01
924.4000 1.716150e-01
924.5000 1.698550e-01
924.6000 1.682430e-01
924.7000 1.666310e-01
924.8000 1.650210e-01
924.9000 1.634130e-01
925.0000 1.618050e-01
925.1000 1.604120e-01
925.2000 1.590160e-01
925.3000 1.576370e-01
925.4000 1.562540e-01
925.5000 1.548670e-01
925.6000 1.534130e-01
925.7000 1.519570e-01
925.8000 1.505000e-01
925.9000 1.490410e-01
926.0000 1.475810e-01
926.1000 1.460890e-01
926.2000 1.445970e-01
926.3000 1.431050e-01
926.4000 1.416130e-01
926.5000 1.401230e-01
926.6000 1.387200e-01
926.7000 1.373160e-01
926.8000 1.359100e-01
926.9000 1.344820e-01
927.0000 1.330530e-01
927.1000 1.307940e-01
927.2000 1.285540e-01
927.3000 1.263320e-01
927.4000 1.241290e-01
927.5000 1.219440e-01
927.6000 1.195190e-01
927.7000 1.171190e-01
927.8000 1.147440e-01
927.9000 1.123930e-01
928.0000 1.100680e-01
928.1000 1.084620e-01
928.2000 1.068630e-01
928.3000 1.052700e-01
928.4000 1.036830e-01
928.5000 1.020840e-01
928.6000 1.003790e-01
928.7000 9.870080e-02
928.8000 9.703250e-02
928.9000 9.537340e-02
929.0000 9.372330e-02
929.1000 9.189730e-02
929.2000 9.008560e-02
929.3000 8.828810e-02
929.4000 8.650460e-02
929.5000 8.473510e-02
929.6000 8.262980e-02
929.7000 8.055000e-02
929.8000 7.849550e-02
929.9000 7.646630e-02
930.0000 7.446250e-02
930.1000 7.254460e-02
930.2000 7.064940e-02
930.3000 6.879320e-02
930.4000 6.695960e-02
930.5000 6.514850e-02
930.6000 6.337640e-02
930.7000 6.162640e-02
930.8000 5.989850e-02
930.9000 5.819280e-02
931.0000 5.650930e-02
931.1000 5.478090e-02
931.2000 5.307790e-02
931.3000 5.140030e-02
931.4000 4.974830e-02
931.5000 4.812170e-02
931.6000 4.608740e-02
931.7000 4.409880e-02
931.8000 4.215580e-02
931.9000 4.024510e-02
932.0000 3.838030e-02
932.1000 3.708450e-02
932.2000 3.580660e-02
932.3000 3.454650e-02
932.4000 3.330420e-02
932.5000 3.207970e-02
932.6000 3.119430e-02
932.7000 3.030710e-02
932.8000 2.941810e-02
932.9000 2.852720e-02
933.0000 2.763450e-02
933.1000 2.652540e-02
933.2000 2.542970e-02
933.3000 2.434740e-02
933.4000 2.327830e-02
933.5000 2.243550e-02
933.6000 2.123020e-02
933.7000 2.028380e-02
933.8000 1.935970e-02
933.9000 1.844720e-02
934.0000 1.755760e-02
934.1000 1.698840e-02
934.2000 1.642780e-02
934.3000 1.586590e-02
934.4000 1.531290e-02
934.5000 1.476870e-02
934.6000 1.484230e-02
934.7000 1.490230e-02
934.8000 1.493890e-02
934.9000 1.494110e-02
935.0000 1.491950e-02
935.1000 1.461200e-02
935.2000 1.429790e-02
935.3000 1.396550e-02
935.4000 1.362650e-02
935.5000 1.329240e-02
935.6000 1.274360e-02
935.7000 1.219100e-02
935.8000 1.164640e-02
935.9000 1.112120e-02
936.0000 1.060370e-02
936.1000 1.020370e-02
936.2000 9.801210e-03
936.3000 9.396260e-03
936.4000 8.988840e-03
936.5000 8.590390e-03
936.6000 8.116470e-03
936.7000 7.636580e-03
936.8000 7.162160e-03
936.9000 6.704330e-03
937.0000 6.251810e-03
937.1000 5.886520e-03
937.2000 5.513040e-03
937.3000 5.142800e-03
937.4000 4.764630e-03
937.5000 4.366940e-03
937.6000 3.937050e-03
937.7000 3.504560e-03
937.8000 3.069470e-03
937.9000 2.643560e-03
938.0000 2.215150e-03
938.1000 1.773780e-03
938.2000 1.329170e-03
938.3000 8.932460e-04
938.4000 4.541840e-04
938.5000 2.278930e-04
