# LSST/LSST.g from the SVO Filter Profile Service, 2026-09-28
# wavelength[nm] throughput
386.4000 4.995720e-14
386.5000 2.542620e-04
386.6000 5.090390e-04
386.7000 1.005700e-03
386.8000 1.503360e-03
386.9000 2.015470e-03
387.0000 2.528610e-03
387.1000 3.030060e-03
387.2000 3.532760e-03
387.3000 4.050210e-03
387.4000 4.568960e-03
387.5000 5.088990e-03
387.6000 5.608710e-03
387.7000 6.115870e-03
387.8000 6.624010e-03
387.9000 7.146700e-03
388.0000 7.670390e-03
388.1000 8.181440e-03
388.2000 8.693460e-03
388.3000 9.220100e-03
388.4000 9.747740e-03
388.5000 1.026270e-02
388.6000 1.078170e-02
388.7000 1.131570e-02
388.8000 1.185100e-02
388.9000 1.237380e-02
389.0000 1.289790e-02
389.1000 1.343250e-02
389.2000 1.396800e-02
389.3000 1.450450e-02
389.4000 1.504200e-02
389.5000 1.556660e-02
389.6000 1.609220e-02
389.7000 1.663260e-02
389.8000 1.717400e-02
389.9000 1.770250e-02
390.0000 1.823200e-02
390.1000 1.878260e-02
390.2000 1.933450e-02
390.3000 1.987390e-02
390.4000 2.041470e-02
390.5000 2.097080e-02
390.6000 2.152220e-02
390.7000 2.207470e-02
390.8000 2.262830e-02
390.9000 2.316900e-02
391.0000 2.371080e-02
391.1000 2.426570e-02
391.2000 2.482170e-02
391.3000 2.536450e-02
391.4000 2.590840e-02
391.5000 2.673500e-02
391.6000 2.756310e-02
391.7000 2.864680e-02
391.8000 2.973250e-02
391.9000 3.082010e-02
392.0000 3.190960e-02
392.1000 3.301090e-02
392.2000 3.411480e-02
392.3000 3.522130e-02
392.4000 3.633030e-02
392.5000 3.744180e-02
392.6000 3.854510e-02
392.7000 3.965040e-02
392.8000 4.075760e-02
392.9000 4.186670e-02
393.0000 4.297780e-02
393.1000 4.410630e-02
393.2000 4.523690e-02
393.3000 4.635510e-02
393.4000 4.747540e-02
393.5000 4.859760e-02
393.6000 4.973580e-02
393.7000 5.087650e-02
393.8000 5.201980e-02
393.9000 5.316580e-02
394.0000 5.431440e-02
394.1000 5.544950e-02
394.2000 5.658650e-02
394.3000 5.772570e-02
394.4000 5.886700e-02
394.5000 6.001040e-02
394.6000 6.115590e-02
394.7000 6.230360e-02
394.8000 6.345340e-02
394.9000 6.462000e-02
395.0000 6.578880e-02
395.1000 6.694090e-02
395.2000 6.809510e-02
395.3000 6.925150e-02
395.4000 7.041000e-02
395.5000 7.157070e-02
395.6000 7.273370e-02
395.7000 7.389900e-02
395.8000 7.506650e-02
395.9000 7.623620e-02
396.0000 7.740800e-02
396.1000 7.860460e-02
396.2000 7.980390e-02
396.3000 8.100590e-02
396.4000 8.221040e-02
396.5000 8.343210e-02
396.6000 8.463310e-02
396.7000 8.582110e-02
396.8000 8.701100e-02
396.9000 8.820270e-02
397.0000 8.939610e-02
397.1000 9.059330e-02
397.2000 9.179220e-02
397.3000 9.299270e-02
397.4000 9.419470e-02
397.5000 9.539830e-02
397.6000 9.660340e-02
397.7000 9.781010e-02
397.8000 9.901830e-02
397.9000 1.002280e-01
398.0000 1.014390e-01
398.1000 1.026640e-01
398.2000 1.038900e-01
398.3000 1.051020e-01
398.4000 1.063170e-01
398.5000 1.075330e-01
398.6000 1.087810e-01
398.7000 1.100310e-01
398.8000 1.112840e-01
398.9000 1.125390e-01
399.0000 1.137960e-01
399.1000 1.150240e-01
399.2000 1.162540e-01
399.3000 1.174850e-01
399.4000 1.187180e-01
399.5000 1.199540e-01
399.6000 1.211910e-01
399.7000 1.224300e-01
399.8000 1.236720e-01
399.9000 1.249300e-01
400.0000 1.261900e-01
400.1000 1.274300e-01
400.2000 1.286720e-01
400.3000 1.299160e-01
400.4000 1.311620e-01
400.5000 1.324090e-01
400.6000 1.336580e-01
400.7000 1.349090e-01
400.8000 1.361610e-01
400.9000 1.374160e-01
401.0000 1.386720e-01
401.1000 1.399650e-01
401.2000 1.412600e-01
401.3000 1.425580e-01
401.4000 1.438580e-01
401.5000 1.451760e-01
401.6000 1.464570e-01
401.7000 1.477240e-01
401.8000 1.489930e-01
401.9000 1.502630e-01
402.0000 1.515350e-01
402.1000 1.528160e-01
402.2000 1.540980e-01
402.3000 1.553830e-01
402.4000 1.566690e-01
402.5000 1.579580e-01
402.6000 1.592480e-01
402.7000 1.605400e-01
402.8000 1.618330e-01
402.9000 1.631290e-01
403.0000 1.644270e-01
403.1000 1.657460e-01
403.2000 1.670670e-01
403.3000 1.683750e-01
403.4000 1.696840e-01
403.5000 1.709950e-01
403.6000 1.723090e-01
403.7000 1.736240e-01
403.8000 1.749410e-01
403.9000 1.762600e-01
404.0000 1.775810e-01
404.1000 1.788840e-01
404.2000 1.801880e-01
404.3000 1.814940e-01
404.4000 1.828010e-01
404.5000 1.841100e-01
404.6000 1.854710e-01
404.7000 1.868340e-01
404.8000 1.881990e-01
404.9000 1.895830e-01
405.0000 1.909690e-01
405.1000 1.922980e-01
405.2000 1.936280e-01
405.3000 1.949610e-01
405.4000 1.962950e-01
405.5000 1.976310e-01
405.6000 1.989690e-01
405.7000 2.003080e-01
405.8000 2.016500e-01
405.9000 2.029930e-01
406.0000 2.043380e-01
406.1000 2.056890e-01
406.2000 2.070430e-01
406.3000 2.083980e-01
406.4000 2.097550e-01
406.5000 2.111300e-01
406.6000 2.125070e-01
406.7000 2.138700e-01
406.8000 2.152340e-01
406.9000 2.166010e-01
407.0000 2.179690e-01
407.1000 2.193290e-01
407.2000 2.206910e-01
407.3000 2.220540e-01
407.4000 2.234190e-01
407.5000 2.247860e-01
407.6000 2.261550e-01
407.7000 2.275250e-01
407.8000 2.288970e-01
407.9000 2.302710e-01
408.0000 2.316470e-01
408.1000 2.330460e-01
408.2000 2.344470e-01
408.3000 2.358340e-01
408.4000 2.372230e-01
408.5000 2.386130e-01
408.6000 2.400050e-01
408.7000 2.414000e-01
408.8000 2.427950e-01
408.9000 2.441930e-01
409.0000 2.455930e-01
409.1000 2.469830e-01
409.2000 2.483760e-01
409.3000 2.497700e-01
409.4000 2.511660e-01
409.5000 2.525630e-01
409.6000 2.539630e-01
409.7000 2.553640e-01
409.8000 2.567660e-01
409.9000 2.581870e-01
410.0000 2.596100e-01
410.1000 2.610150e-01
410.2000 2.624220e-01
410.3000 2.638310e-01
410.4000 2.652410e-01
410.5000 2.666530e-01
410.6000 2.681380e-01
410.7000 2.696260e-01
410.8000 2.711150e-01
410.9000 2.726080e-01
411.0000 2.741020e-01
411.1000 2.755340e-01
411.2000 2.769670e-01
411.3000 2.784020e-01
411.4000 2.798390e-01
411.5000 2.812940e-01
411.6000 2.827510e-01
411.7000 2.841930e-01
411.8000 2.856370e-01
411.9000 2.870830e-01
412.0000 2.885300e-01
412.1000 2.899660e-01
412.2000 2.914030e-01
412.3000 2.923730e-01
412.4000 2.933440e-01
412.5000 2.941490e-01
412.6000 2.949540e-01
412.7000 2.957780e-01
412.8000 2.966020e-01
412.9000 2.974270e-01
413.0000 2.982530e-01
413.1000 2.990760e-01
413.2000 2.999010e-01
413.3000 3.007430e-01
413.4000 3.015860e-01
413.5000 3.024140e-01
413.6000 3.032420e-01
413.7000 3.040880e-01
413.8000 3.049350e-01
413.9000 3.057660e-01
414.0000 3.065980e-01
414.1000 3.074320e-01
414.2000 3.082670e-01
414.3000 3.090860e-01
414.4000 3.099060e-01
414.5000 3.107440e-01
414.6000 3.115820e-01
414.7000 3.124210e-01
414.8000 3.132620e-01
414.9000 3.140860e-01
415.0000 3.149110e-01
415.1000 3.157430e-01
415.2000 3.165760e-01
415.3000 3.173920e-01
415.4000 3.182100e-01
415.5000 3.190450e-01
415.6000 3.198820e-01
415.7000 3.205480e-01
415.8000 3.212140e-01
415.9000 3.214030e-01
416.0000 3.215910e-01
416.1000 3.218050e-01
416.2000 3.220200e-01
416.3000 3.222340e-01
416.4000 3.224490e-01
416.5000 3.226630e-01
416.6000 3.228780e-01
416.7000 3.230930e-01
416.8000 3.233080e-01
416.9000 3.235230e-01
417.0000 3.237390e-01
417.1000 3.239190e-01
417.2000 3.241000e-01
417.3000 3.242810e-01
417.4000 3.244620e-01
417.5000 3.246430e-01
417.6000 3.248240e-01
417.7000 3.250050e-01
417.8000 3.251860e-01
417.9000 3.253670e-01
418.0000 3.255490e-01
418.1000 3.257520e-01
418.2000 3.259560e-01
418.3000 3.261600e-01
418.4000 3.263640e-01
418.5000 3.265680e-01
418.6000 3.267720e-01
418.7000 3.269760e-01
418.8000 3.271800e-01
418.9000 3.273840e-01
419.0000 3.275890e-01
419.1000 3.277860e-01
419.2000 3.279830e-01
419.3000 3.281810e-01
419.4000 3.283780e-01
419.5000 3.285760e-01
419.6000 3.287740e-01
419.7000 3.289710e-01
419.8000 3.291690e-01
419.9000 3.293670e-01
420.0000 3.295650e-01
420.1000 3.297510e-01
420.2000 3.299360e-01
420.3000 3.301220e-01
420.4000 3.303080e-01
420.5000 3.304940e-01
420.6000 3.306800e-01
420.7000 3.308660e-01
420.8000 3.310520e-01
420.9000 3.312380e-01
421.0000 3.314240e-01
421.1000 3.316080e-01
421.2000 3.317920e-01
421.3000 3.319760e-01
421.4000 3.321600e-01
421.5000 3.323440e-01
421.6000 3.325290e-01
421.7000 3.327130e-01
421.8000 3.328970e-01
421.9000 3.330820e-01
422.0000 3.332660e-01
422.1000 3.334500e-01
422.2000 3.336350e-01
422.3000 3.338190e-01
422.4000 3.340030e-01
422.5000 3.341880e-01
422.6000 3.343730e-01
422.7000 3.345570e-01
422.8000 3.347420e-01
422.9000 3.349270e-01
423.0000 3.351120e-01
423.1000 3.352140e-01
423.2000 3.353160e-01
423.3000 3.354180e-01
423.4000 3.355200e-01
423.5000 3.356230e-01
423.6000 3.358110e-01
423.7000 3.360000e-01
423.8000 3.361880e-01
423.9000 3.363770e-01
424.0000 3.365660e-01
424.1000 3.367530e-01
424.2000 3.369400e-01
424.3000 3.371280e-01
424.4000 3.373160e-01
424.5000 3.375030e-01
424.6000 3.376910e-01
424.7000 3.378790e-01
424.8000 3.380670e-01
424.9000 3.382550e-01
425.0000 3.384430e-01
425.1000 3.386430e-01
425.2000 3.388430e-01
425.3000 3.390430e-01
425.4000 3.392430e-01
425.5000 3.394430e-01
425.6000 3.396440e-01
425.7000 3.398440e-01
425.8000 3.400450e-01
425.9000 3.402450e-01
426.0000 3.404460e-01
426.1000 3.406260e-01
426.2000 3.408060e-01
426.3000 3.409860e-01
426.4000 3.411660e-01
426.5000 3.413460e-01
426.6000 3.415260e-01
426.7000 3.417060e-01
426.8000 3.418860e-01
426.9000 3.420670e-01
427.0000 3.422470e-01
427.1000 3.424060e-01
427.2000 3.425650e-01
427.3000 3.427240e-01
427.4000 3.428840e-01
427.5000 3.430430e-01
427.6000 3.431150e-01
427.7000 3.431870e-01
427.8000 3.432590e-01
427.9000 3.433310e-01
428.0000 3.434030e-01
428.1000 3.436700e-01
428.2000 3.439360e-01
428.3000 3.442030e-01
428.4000 3.444700e-01
428.5000 3.447370e-01
428.6000 3.449160e-01
428.7000 3.450960e-01
428.8000 3.452760e-01
428.9000 3.454560e-01
429.0000 3.456350e-01
429.1000 3.458320e-01
429.2000 3.460290e-01
429.3000 3.462260e-01
429.4000 3.464230e-01
429.5000 3.466200e-01
429.6000 3.467300e-01
429.7000 3.468400e-01
429.8000 3.469490e-01
429.9000 3.470590e-01
430.0000 3.471680e-01
430.1000 3.473380e-01
430.2000 3.475080e-01
430.3000 3.476770e-01
430.4000 3.478470e-01
430.5000 3.480170e-01
430.6000 3.481870e-01
430.7000 3.483570e-01
430.8000 3.485270e-01
430.9000 3.486970e-01
431.0000 3.488670e-01
431.1000 3.490370e-01
431.2000 3.492070e-01
431.3000 3.493770e-01
431.4000 3.495470e-01
431.5000 3.497170e-01
431.6000 3.498870e-01
431.7000 3.500570e-01
431.8000 3.502270e-01
431.9000 3.503980e-01
432.0000 3.505680e-01
432.1000 3.507580e-01
432.2000 3.509490e-01
432.3000 3.511390e-01
432.4000 3.513300e-01
432.5000 3.515200e-01
432.6000 3.516230e-01
432.7000 3.517250e-01
432.8000 3.518270e-01
432.9000 3.519300e-01
433.0000 3.520320e-01
433.1000 3.521910e-01
433.2000 3.523490e-01
433.3000 3.525080e-01
433.4000 3.526670e-01
433.5000 3.528260e-01
433.6000 3.529850e-01
433.7000 3.531450e-01
433.8000 3.533040e-01
433.9000 3.534640e-01
434.0000 3.536240e-01
434.1000 3.537020e-01
434.2000 3.537800e-01
434.3000 3.538580e-01
434.4000 3.539350e-01
434.5000 3.540120e-01
434.6000 3.541770e-01
434.7000 3.543410e-01
434.8000 3.545040e-01
434.9000 3.546670e-01
435.0000 3.548290e-01
435.1000 3.549860e-01
435.2000 3.551430e-01
435.3000 3.552980e-01
435.4000 3.554540e-01
435.5000 3.556080e-01
435.6000 3.557620e-01
435.7000 3.559160e-01
435.8000 3.560700e-01
435.9000 3.562230e-01
436.0000 3.563760e-01
436.1000 3.565310e-01
436.2000 3.566860e-01
436.3000 3.568410e-01
436.4000 3.569960e-01
436.5000 3.571500e-01
436.6000 3.573050e-01
436.7000 3.574580e-01
436.8000 3.576120e-01
436.9000 3.577640e-01
437.0000 3.579170e-01
437.1000 3.580560e-01
437.2000 3.581950e-01
437.3000 3.583330e-01
437.4000 3.584720e-01
437.5000 3.586100e-01
437.6000 3.587490e-01
437.7000 3.588870e-01
437.8000 3.590260e-01
437.9000 3.591650e-01
438.0000 3.593050e-01
438.1000 3.593540e-01
438.2000 3.594030e-01
438.3000 3.594530e-01
438.4000 3.595040e-01
438.5000 3.595550e-01
438.6000 3.596960e-01
438.7000 3.598370e-01
438.8000 3.599780e-01
438.9000 3.601200e-01
439.0000 3.602620e-01
439.1000 3.603130e-01
439.2000 3.603640e-01
439.3000 3.604160e-01
439.4000 3.604680e-01
439.5000 3.605200e-01
439.6000 3.606630e-01
439.7000 3.608060e-01
439.8000 3.609500e-01
439.9000 3.610950e-01
440.0000 3.612400e-01
440.1000 3.613980e-01
440.2000 3.615560e-01
440.3000 3.617150e-01
440.4000 3.618750e-01
440.5000 3.620350e-01
440.6000 3.621970e-01
440.7000 3.623590e-01
440.8000 3.625210e-01
440.9000 3.626840e-01
441.0000 3.628480e-01
441.1000 3.630060e-01
441.2000 3.631640e-01
441.3000 3.633220e-01
441.4000 3.634800e-01
441.5000 3.636370e-01
441.6000 3.637950e-01
441.7000 3.639520e-01
441.8000 3.641100e-01
441.9000 3.642670e-01
442.0000 3.644250e-01
442.1000 3.645680e-01
442.2000 3.647110e-01
442.3000 3.648550e-01
442.4000 3.649980e-01
442.5000 3.651420e-01
442.6000 3.651950e-01
442.7000 3.652490e-01
442.8000 3.653020e-01
442.9000 3.653560e-01
443.0000 3.654100e-01
443.1000 3.655490e-01
443.2000 3.656890e-01
443.3000 3.658290e-01
443.4000 3.659690e-01
443.5000 3.661090e-01
443.6000 3.662480e-01
443.7000 3.663880e-01
443.8000 3.665280e-01
443.9000 3.666680e-01
444.0000 3.668080e-01
444.1000 3.668460e-01
444.2000 3.668850e-01
444.3000 3.669230e-01
444.4000 3.669610e-01
444.5000 3.669990e-01
444.6000 3.670370e-01
444.7000 3.670750e-01
444.8000 3.671130e-01
444.9000 3.671520e-01
445.0000 3.671900e-01
445.1000 3.673510e-01
445.2000 3.675120e-01
445.3000 3.676740e-01
445.4000 3.678350e-01
445.5000 3.679960e-01
445.6000 3.681580e-01
445.7000 3.683190e-01
445.8000 3.684810e-01
445.9000 3.686420e-01
446.0000 3.688040e-01
446.1000 3.690330e-01
446.2000 3.692630e-01
446.3000 3.694920e-01
446.4000 3.697220e-01
446.5000 3.699520e-01
446.6000 3.700000e-01
446.7000 3.700490e-01
446.8000 3.700980e-01
446.9000 3.701470e-01
447.0000 3.701960e-01
447.1000 3.703340e-01
447.2000 3.704730e-01
447.3000 3.706120e-01
447.4000 3.707510e-01
447.5000 3.708900e-01
447.6000 3.709380e-01
447.7000 3.709870e-01
447.8000 3.710350e-01
447.9000 3.710830e-01
448.0000 3.711320e-01
448.1000 3.712810e-01
448.2000 3.714300e-01
448.3000 3.715800e-01
448.4000 3.717290e-01
448.5000 3.718790e-01
448.6000 3.720290e-01
448.7000 3.721790e-01
448.8000 3.723300e-01
448.9000 3.724810e-01
449.0000 3.726310e-01
449.1000 3.727540e-01
449.2000 3.728760e-01
449.3000 3.729980e-01
449.4000 3.731190e-01
449.5000 3.732390e-01
449.6000 3.733590e-01
449.7000 3.734790e-01
449.8000 3.735970e-01
449.9000 3.737150e-01
450.0000 3.738320e-01
450.1000 3.738670e-01
450.2000 3.739010e-01
450.3000 3.739340e-01
450.4000 3.739660e-01
450.5000 3.739980e-01
450.6000 3.741200e-01
450.7000 3.742410e-01
450.8000 3.743620e-01
450.9000 3.744830e-01
451.0000 3.746030e-01
451.1000 3.747110e-01
451.2000 3.748190e-01
451.3000 3.749270e-01
451.4000 3.750350e-01
451.5000 3.751430e-01
451.6000 3.751600e-01
451.7000 3.751770e-01
451.8000 3.751940e-01
451.9000 3.752100e-01
452.0000 3.752260e-01
452.1000 3.753500e-01
452.2000 3.754730e-01
452.3000 3.755960e-01
452.4000 3.757190e-01
452.5000 3.758420e-01
452.6000 3.759640e-01
452.7000 3.760860e-01
452.8000 3.762080e-01
452.9000 3.763300e-01
453.0000 3.764510e-01
453.1000 3.764910e-01
453.2000 3.765300e-01
453.3000 3.765700e-01
453.4000 3.766100e-01
453.5000 3.766500e-01
453.6000 3.767810e-01
453.7000 3.769130e-01
453.8000 3.770440e-01
453.9000 3.771750e-01
454.0000 3.773070e-01
454.1000 3.774160e-01
454.2000 3.775260e-01
454.3000 3.776360e-01
454.4000 3.777480e-01
454.5000 3.778600e-01
454.6000 3.779730e-01
454.7000 3.780870e-01
454.8000 3.782010e-01
454.9000 3.783170e-01
455.0000 3.784340e-01
455.1000 3.784580e-01
455.2000 3.784840e-01
455.3000 3.785100e-01
455.4000 3.785360e-01
455.5000 3.785630e-01
455.6000 3.786830e-01
455.7000 3.788020e-01
455.8000 3.789230e-01
455.9000 3.790430e-01
456.0000 3.791640e-01
456.1000 3.791860e-01
456.2000 3.792090e-01
456.3000 3.792310e-01
456.4000 3.792530e-01
456.5000 3.792750e-01
456.6000 3.793880e-01
456.7000 3.795000e-01
456.8000 3.796130e-01
456.9000 3.797250e-01
457.0000 3.798380e-01
457.1000 3.799750e-01
457.2000 3.801120e-01
457.3000 3.802490e-01
457.4000 3.803870e-01
457.5000 3.805240e-01
457.6000 3.805690e-01
457.7000 3.806150e-01
457.8000 3.806610e-01
457.9000 3.807070e-01
458.0000 3.807530e-01
458.1000 3.807780e-01
458.2000 3.808020e-01
458.3000 3.808270e-01
458.4000 3.808520e-01
458.5000 3.808770e-01
458.6000 3.809930e-01
458.7000 3.811100e-01
458.8000 3.812270e-01
458.9000 3.813440e-01
459.0000 3.814610e-01
459.1000 3.815900e-01
459.2000 3.817200e-01
459.3000 3.818490e-01
459.4000 3.819780e-01
459.5000 3.821070e-01
459.6000 3.821430e-01
459.7000 3.821800e-01
459.8000 3.822150e-01
459.9000 3.822510e-01
460.0000 3.822850e-01
460.1000 3.824050e-01
460.2000 3.825240e-01
460.3000 3.826420e-01
460.4000 3.827600e-01
460.5000 3.828770e-01
460.6000 3.829010e-01
460.7000 3.829250e-01
460.8000 3.829490e-01
460.9000 3.829720e-01
461.0000 3.829940e-01
461.1000 3.830880e-01
461.2000 3.831800e-01
461.3000 3.832720e-01
461.4000 3.833640e-01
461.5000 3.834560e-01
461.6000 3.834560e-01
461.7000 3.834550e-01
461.8000 3.834530e-01
461.9000 3.834520e-01
462.0000 3.834490e-01
462.1000 3.835600e-01
462.2000 3.836710e-01
462.3000 3.837810e-01
462.4000 3.838920e-01
462.5000 3.840020e-01
462.6000 3.841130e-01
462.7000 3.842240e-01
462.8000 3.843350e-01
462.9000 3.844460e-01
463.0000 3.845570e-01
463.1000 3.845760e-01
463.2000 3.845940e-01
463.3000 3.846120e-01
463.4000 3.846300e-01
463.5000 3.846490e-01
463.6000 3.847590e-01
463.7000 3.848680e-01
463.8000 3.849770e-01
463.9000 3.850860e-01
464.0000 3.851950e-01
464.1000 3.851950e-01
464.2000 3.851940e-01
464.3000 3.851940e-01
464.4000 3.851950e-01
464.5000 3.851950e-01
464.6000 3.852890e-01
464.7000 3.853820e-01
464.8000 3.854770e-01
464.9000 3.855730e-01
465.0000 3.856700e-01
465.1000 3.857770e-01
465.2000 3.858860e-01
465.3000 3.859950e-01
465.4000 3.861060e-01
465.5000 3.862180e-01
465.6000 3.863310e-01
465.7000 3.864450e-01
465.8000 3.865600e-01
465.9000 3.866750e-01
466.0000 3.867910e-01
466.1000 3.869220e-01
466.2000 3.870540e-01
466.3000 3.871860e-01
466.4000 3.873170e-01
466.5000 3.874490e-01
466.6000 3.874870e-01
466.7000 3.875260e-01
466.8000 3.875650e-01
466.9000 3.876040e-01
467.0000 3.876430e-01
467.1000 3.877520e-01
467.2000 3.878610e-01
467.3000 3.879710e-01
467.4000 3.880800e-01
467.5000 3.881890e-01
467.6000 3.882070e-01
467.7000 3.882240e-01
467.8000 3.882410e-01
467.9000 3.882590e-01
468.0000 3.882760e-01
468.1000 3.883860e-01
468.2000 3.884960e-01
468.3000 3.886060e-01
468.4000 3.887150e-01
468.5000 3.888250e-01
468.6000 3.888430e-01
468.7000 3.888610e-01
468.8000 3.888790e-01
468.9000 3.888970e-01
469.0000 3.889150e-01
469.1000 3.890190e-01
469.2000 3.891240e-01
469.3000 3.892280e-01
469.4000 3.893320e-01
469.5000 3.894370e-01
469.6000 3.894490e-01
469.7000 3.894620e-01
469.8000 3.894740e-01
469.9000 3.894870e-01
470.0000 3.894990e-01
470.1000 3.895970e-01
470.2000 3.896950e-01
470.3000 3.897930e-01
470.4000 3.898910e-01
470.5000 3.899890e-01
470.6000 3.900870e-01
470.7000 3.901850e-01
470.8000 3.902830e-01
470.9000 3.903810e-01
471.0000 3.904790e-01
471.1000 3.905110e-01
471.2000 3.905440e-01
471.3000 3.905770e-01
471.4000 3.906090e-01
471.5000 3.906420e-01
471.6000 3.907670e-01
471.7000 3.908910e-01
471.8000 3.910160e-01
471.9000 3.911410e-01
472.0000 3.912650e-01
472.1000 3.912700e-01
472.2000 3.912740e-01
472.3000 3.912780e-01
472.4000 3.912830e-01
472.5000 3.912870e-01
472.6000 3.913840e-01
472.7000 3.914800e-01
472.8000 3.915760e-01
472.9000 3.916730e-01
473.0000 3.917690e-01
473.1000 3.917830e-01
473.2000 3.917960e-01
473.3000 3.918100e-01
473.4000 3.918230e-01
473.5000 3.918370e-01
473.6000 3.919420e-01
473.7000 3.920480e-01
473.8000 3.921540e-01
473.9000 3.922590e-01
474.0000 3.923650e-01
474.1000 3.923860e-01
474.2000 3.924070e-01
474.3000 3.924280e-01
474.4000 3.924500e-01
474.5000 3.924710e-01
474.6000 3.924920e-01
474.7000 3.925130e-01
474.8000 3.925340e-01
474.9000 3.925560e-01
475.0000 3.925770e-01
475.1000 3.926710e-01
475.2000 3.927660e-01
475.3000 3.928600e-01
475.4000 3.929550e-01
475.5000 3.930490e-01
475.6000 3.930520e-01
475.7000 3.930540e-01
475.8000 3.930570e-01
475.9000 3.930590e-01
476.0000 3.930610e-01
476.1000 3.931580e-01
476.2000 3.932540e-01
476.3000 3.933510e-01
476.4000 3.934470e-01
476.5000 3.935440e-01
476.6000 3.935480e-01
476.7000 3.935530e-01
476.8000 3.935570e-01
476.9000 3.935610e-01
477.0000 3.935660e-01
477.1000 3.935800e-01
477.2000 3.935940e-01
477.3000 3.936070e-01
477.4000 3.936210e-01
477.5000 3.936350e-01
477.6000 3.937410e-01
477.7000 3.938470e-01
477.8000 3.939530e-01
477.9000 3.940600e-01
478.0000 3.941660e-01
478.1000 3.941770e-01
478.2000 3.941890e-01
478.3000 3.942010e-01
478.4000 3.942130e-01
478.5000 3.942250e-01
478.6000 3.942370e-01
478.7000 3.942480e-01
478.8000 3.942600e-01
478.9000 3.942720e-01
479.0000 3.942840e-01
479.1000 3.942870e-01
479.2000 3.942900e-01
479.3000 3.942930e-01
479.4000 3.942960e-01
479.5000 3.943000e-01
479.6000 3.943030e-01
479.7000 3.943060e-01
479.8000 3.943090e-01
479.9000 3.943120e-01
480.0000 3.943150e-01
480.1000 3.944110e-01
480.2000 3.945060e-01
480.3000 3.946010e-01
480.4000 3.946960e-01
480.5000 3.947920e-01
480.6000 3.947950e-01
480.7000 3.947980e-01
480.8000 3.948010e-01
480.9000 3.948040e-01
481.0000 3.948070e-01
481.1000 3.949000e-01
481.2000 3.949940e-01
481.3000 3.950870e-01
481.4000 3.951810e-01
481.5000 3.952740e-01
481.6000 3.952750e-01
481.7000 3.952760e-01
481.8000 3.952770e-01
481.9000 3.952790e-01
482.0000 3.952800e-01
482.1000 3.953940e-01
482.2000 3.955080e-01
482.3000 3.956220e-01
482.4000 3.957370e-01
482.5000 3.958510e-01
482.6000 3.958730e-01
482.7000 3.958950e-01
482.8000 3.959170e-01
482.9000 3.959390e-01
483.0000 3.959610e-01
483.1000 3.960560e-01
483.2000 3.961500e-01
483.3000 3.962450e-01
483.4000 3.963400e-01
483.5000 3.964340e-01
483.6000 3.965300e-01
483.7000 3.966250e-01
483.8000 3.967210e-01
483.9000 3.968160e-01
484.0000 3.969120e-01
484.1000 3.969120e-01
484.2000 3.969120e-01
484.3000 3.969110e-01
484.4000 3.969100e-01
484.5000 3.969080e-01
484.6000 3.969980e-01
484.7000 3.970870e-01
484.8000 3.971750e-01
484.9000 3.972620e-01
485.0000 3.973490e-01
485.1000 3.973340e-01
485.2000 3.973190e-01
485.3000 3.973020e-01
485.4000 3.972850e-01
485.5000 3.972670e-01
485.6000 3.973410e-01
485.7000 3.974140e-01
485.8000 3.974870e-01
485.9000 3.975590e-01
486.0000 3.976310e-01
486.1000 3.977230e-01
486.2000 3.978140e-01
486.3000 3.979050e-01
486.4000 3.979960e-01
486.5000 3.980870e-01
486.6000 3.980860e-01
486.7000 3.980840e-01
486.8000 3.980820e-01
486.9000 3.980800e-01
487.0000 3.980780e-01
487.1000 3.981610e-01
487.2000 3.982440e-01
487.3000 3.983260e-01
487.4000 3.984090e-01
487.5000 3.984920e-01
487.6000 3.984820e-01
487.7000 3.984720e-01
487.8000 3.984630e-01
487.9000 3.984540e-01
488.0000 3.984440e-01
488.1000 3.984280e-01
488.2000 3.984130e-01
488.3000 3.983970e-01
488.4000 3.983820e-01
488.5000 3.983680e-01
488.6000 3.983530e-01
488.7000 3.983380e-01
488.8000 3.983230e-01
488.9000 3.983090e-01
489.0000 3.982940e-01
489.1000 3.983750e-01
489.2000 3.984560e-01
489.3000 3.985370e-01
489.4000 3.986190e-01
489.5000 3.987020e-01
489.6000 3.986930e-01
489.7000 3.986850e-01
489.8000 3.986770e-01
489.9000 3.986700e-01
490.0000 3.986650e-01
490.1000 3.987380e-01
490.2000 3.988130e-01
490.3000 3.988880e-01
490.4000 3.989640e-01
490.5000 3.990410e-01
490.6000 3.990270e-01
490.7000 3.990130e-01
490.8000 3.989990e-01
490.9000 3.989860e-01
491.0000 3.989740e-01
491.1000 3.990550e-01
491.2000 3.991370e-01
491.3000 3.992180e-01
491.4000 3.992990e-01
491.5000 3.993800e-01
491.6000 3.993680e-01
491.7000 3.993560e-01
491.8000 3.993450e-01
491.9000 3.993330e-01
492.0000 3.993210e-01
492.1000 3.994220e-01
492.2000 3.995230e-01
492.3000 3.996240e-01
492.4000 3.997250e-01
492.5000 3.998260e-01
492.6000 3.998350e-01
492.7000 3.998440e-01
492.8000 3.998520e-01
492.9000 3.998610e-01
493.0000 3.998700e-01
493.1000 3.998620e-01
493.2000 3.998530e-01
493.3000 3.998440e-01
493.4000 3.998360e-01
493.5000 3.998270e-01
493.6000 3.999110e-01
493.7000 3.999940e-01
493.8000 4.000780e-01
493.9000 4.001610e-01
494.0000 4.002450e-01
494.1000 4.002300e-01
494.2000 4.002160e-01
494.3000 4.002010e-01
494.4000 4.001870e-01
494.5000 4.001730e-01
494.6000 4.001580e-01
494.7000 4.001440e-01
494.8000 4.001290e-01
494.9000 4.001150e-01
495.0000 4.001010e-01
495.1000 4.001900e-01
495.2000 4.002800e-01
495.3000 4.003690e-01
495.4000 4.004590e-01
495.5000 4.005480e-01
495.6000 4.005450e-01
495.7000 4.005430e-01
495.8000 4.005400e-01
495.9000 4.005380e-01
496.0000 4.005350e-01
496.1000 4.005290e-01
496.2000 4.005230e-01
496.3000 4.005170e-01
496.4000 4.005110e-01
496.5000 4.005050e-01
496.6000 4.004990e-01
496.7000 4.004930e-01
496.8000 4.004870e-01
496.9000 4.004810e-01
497.0000 4.004750e-01
497.1000 4.005730e-01
497.2000 4.006710e-01
497.3000 4.007680e-01
497.4000 4.008660e-01
497.5000 4.009640e-01
497.6000 4.009690e-01
497.7000 4.009750e-01
497.8000 4.009800e-01
497.9000 4.009860e-01
498.0000 4.009920e-01
498.1000 4.009810e-01
498.2000 4.009710e-01
498.3000 4.009610e-01
498.4000 4.009510e-01
498.5000 4.009410e-01
498.6000 4.009310e-01
498.7000 4.009200e-01
498.8000 4.009100e-01
498.9000 4.009000e-01
499.0000 4.008900e-01
499.1000 4.009670e-01
499.2000 4.010440e-01
499.3000 4.011220e-01
499.4000 4.011990e-01
499.5000 4.012760e-01
499.6000 4.012610e-01
499.7000 4.012460e-01
499.8000 4.012320e-01
499.9000 4.012170e-01
500.0000 4.012020e-01
500.1000 4.011070e-01
500.2000 4.010110e-01
500.3000 4.009160e-01
500.4000 4.008210e-01
500.5000 4.007260e-01
500.6000 4.007220e-01
500.7000 4.007190e-01
500.8000 4.007160e-01
500.9000 4.007130e-01
501.0000 4.007100e-01
501.1000 4.007050e-01
501.2000 4.007010e-01
501.3000 4.006970e-01
501.4000 4.006930e-01
501.5000 4.006880e-01
501.6000 4.006840e-01
501.7000 4.006800e-01
501.8000 4.006750e-01
501.9000 4.006710e-01
502.0000 4.006670e-01
502.1000 4.006480e-01
502.2000 4.006300e-01
502.3000 4.006120e-01
502.4000 4.005930e-01
502.5000 4.005750e-01
502.6000 4.004640e-01
502.7000 4.003540e-01
502.8000 4.002430e-01
502.9000 4.001330e-01
503.0000 4.000220e-01
503.1000 4.000210e-01
503.2000 4.000190e-01
503.3000 4.000170e-01
503.4000 4.000160e-01
503.5000 4.000140e-01
503.6000 3.999210e-01
503.7000 3.998280e-01
503.8000 3.997360e-01
503.9000 3.996440e-01
504.0000 3.995510e-01
504.1000 3.996260e-01
504.2000 3.997000e-01
504.3000 3.997740e-01
504.4000 3.998470e-01
504.5000 3.999190e-01
504.6000 3.999900e-01
504.7000 4.000600e-01
504.8000 4.001290e-01
504.9000 4.001960e-01
505.0000 4.002620e-01
505.1000 4.002460e-01
505.2000 4.002300e-01
505.3000 4.002120e-01
505.4000 4.001930e-01
505.5000 4.001730e-01
505.6000 4.001530e-01
505.7000 4.001320e-01
505.8000 4.001110e-01
505.9000 4.000900e-01
506.0000 4.000680e-01
506.1000 4.001560e-01
506.2000 4.002450e-01
506.3000 4.003330e-01
506.4000 4.004220e-01
506.5000 4.005110e-01
506.6000 4.006010e-01
506.7000 4.006900e-01
506.8000 4.007800e-01
506.9000 4.008690e-01
507.0000 4.009580e-01
507.1000 4.009310e-01
507.2000 4.009050e-01
507.3000 4.008780e-01
507.4000 4.008510e-01
507.5000 4.008230e-01
507.6000 4.008880e-01
507.7000 4.009520e-01
507.8000 4.010170e-01
507.9000 4.010810e-01
508.0000 4.011460e-01
508.1000 4.011140e-01
508.2000 4.010820e-01
508.3000 4.010500e-01
508.4000 4.010190e-01
508.5000 4.009880e-01
508.6000 4.010490e-01
508.7000 4.011100e-01
508.8000 4.011700e-01
508.9000 4.012310e-01
509.0000 4.012920e-01
509.1000 4.013700e-01
509.2000 4.014480e-01
509.3000 4.015270e-01
509.4000 4.016070e-01
509.5000 4.016870e-01
509.6000 4.016750e-01
509.7000 4.016650e-01
509.8000 4.016550e-01
509.9000 4.016460e-01
510.0000 4.016380e-01
510.1000 4.017200e-01
510.2000 4.018030e-01
510.3000 4.018860e-01
510.4000 4.019700e-01
510.5000 4.020550e-01
510.6000 4.020490e-01
510.7000 4.020440e-01
510.8000 4.020390e-01
510.9000 4.020350e-01
511.0000 4.020310e-01
511.1000 4.021190e-01
511.2000 4.022080e-01
511.3000 4.022960e-01
511.4000 4.023850e-01
511.5000 4.024730e-01
511.6000 4.024690e-01
511.7000 4.024650e-01
511.8000 4.024610e-01
511.9000 4.024570e-01
512.0000 4.024530e-01
512.1000 4.024560e-01
512.2000 4.024600e-01
512.3000 4.024630e-01
512.4000 4.024670e-01
512.5000 4.024700e-01
512.6000 4.025660e-01
512.7000 4.026610e-01
512.8000 4.027560e-01
512.9000 4.028510e-01
513.0000 4.029460e-01
513.1000 4.029270e-01
513.2000 4.029080e-01
513.3000 4.028890e-01
513.4000 4.028690e-01
513.5000 4.028500e-01
513.6000 4.028310e-01
513.7000 4.028120e-01
513.8000 4.027930e-01
513.9000 4.027730e-01
514.0000 4.027540e-01
514.1000 4.028590e-01
514.2000 4.029640e-01
514.3000 4.030690e-01
514.4000 4.031740e-01
514.5000 4.032800e-01
514.6000 4.032930e-01
514.7000 4.033060e-01
514.8000 4.033200e-01
514.9000 4.033330e-01
515.0000 4.033470e-01
515.1000 4.033450e-01
515.2000 4.033420e-01
515.3000 4.033400e-01
515.4000 4.033380e-01
515.5000 4.033360e-01
515.6000 4.033340e-01
515.7000 4.033320e-01
515.8000 4.033300e-01
515.9000 4.033280e-01
516.0000 4.033250e-01
516.1000 4.034180e-01
516.2000 4.035120e-01
516.3000 4.036050e-01
516.4000 4.036980e-01
516.5000 4.037910e-01
516.6000 4.037920e-01
516.7000 4.037940e-01
516.8000 4.037950e-01
516.9000 4.037970e-01
517.0000 4.037980e-01
517.1000 4.037840e-01
517.2000 4.037700e-01
517.3000 4.037560e-01
517.4000 4.037420e-01
517.5000 4.037290e-01
517.6000 4.037150e-01
517.7000 4.037010e-01
517.8000 4.036870e-01
517.9000 4.036730e-01
518.0000 4.036590e-01
518.1000 4.036390e-01
518.2000 4.036200e-01
518.3000 4.036000e-01
518.4000 4.035810e-01
518.5000 4.035610e-01
518.6000 4.035420e-01
518.7000 4.035220e-01
518.8000 4.035030e-01
518.9000 4.034830e-01
519.0000 4.034640e-01
519.1000 4.035630e-01
519.2000 4.036630e-01
519.3000 4.037630e-01
519.4000 4.038630e-01
519.5000 4.039630e-01
519.6000 4.039710e-01
519.7000 4.039800e-01
519.8000 4.039880e-01
519.9000 4.039960e-01
520.0000 4.040050e-01
520.1000 4.040150e-01
520.2000 4.040260e-01
520.3000 4.040360e-01
520.4000 4.040470e-01
520.5000 4.040580e-01
520.6000 4.040680e-01
520.7000 4.040790e-01
520.8000 4.040890e-01
520.9000 4.041000e-01
521.0000 4.041100e-01
521.1000 4.040940e-01
521.2000 4.040770e-01
521.3000 4.040600e-01
521.4000 4.040440e-01
521.5000 4.040270e-01
521.6000 4.040100e-01
521.7000 4.039930e-01
521.8000 4.039770e-01
521.9000 4.039600e-01
522.0000 4.039430e-01
522.1000 4.039340e-01
522.2000 4.039250e-01
522.3000 4.039160e-01
522.4000 4.039060e-01
522.5000 4.038970e-01
522.6000 4.038880e-01
522.7000 4.038780e-01
522.8000 4.038690e-01
522.9000 4.038600e-01
523.0000 4.038500e-01
523.1000 4.038550e-01
523.2000 4.038600e-01
523.3000 4.038640e-01
523.4000 4.038690e-01
523.5000 4.038730e-01
523.6000 4.038780e-01
523.7000 4.038830e-01
523.8000 4.038870e-01
523.9000 4.038920e-01
524.0000 4.038960e-01
524.1000 4.039010e-01
524.2000 4.039060e-01
524.3000 4.039100e-01
524.4000 4.039150e-01
524.5000 4.039190e-01
524.6000 4.039240e-01
524.7000 4.039280e-01
524.8000 4.039330e-01
524.9000 4.039380e-01
525.0000 4.039420e-01
525.1000 4.038350e-01
525.2000 4.037290e-01
525.3000 4.036220e-01
525.4000 4.035150e-01
525.5000 4.034090e-01
525.6000 4.033930e-01
525.7000 4.033780e-01
525.8000 4.033630e-01
525.9000 4.033480e-01
526.0000 4.033330e-01
526.1000 4.033390e-01
526.2000 4.033450e-01
526.3000 4.033510e-01
526.4000 4.033570e-01
526.5000 4.033620e-01
526.6000 4.033680e-01
526.7000 4.033740e-01
526.8000 4.033800e-01
526.9000 4.033860e-01
527.0000 4.033920e-01
527.1000 4.034070e-01
527.2000 4.034220e-01
527.3000 4.034370e-01
527.4000 4.034520e-01
527.5000 4.034680e-01
527.6000 4.034830e-01
527.7000 4.034980e-01
527.8000 4.035130e-01
527.9000 4.035280e-01
528.0000 4.035430e-01
528.1000 4.035400e-01
528.2000 4.035360e-01
528.3000 4.035320e-01
528.4000 4.035290e-01
528.5000 4.035250e-01
528.6000 4.035210e-01
528.7000 4.035170e-01
528.8000 4.035140e-01
528.9000 4.035100e-01
529.0000 4.035060e-01
529.1000 4.035140e-01
529.2000 4.035220e-01
529.3000 4.035300e-01
529.4000 4.035370e-01
529.5000 4.035450e-01
529.6000 4.035530e-01
529.7000 4.035610e-01
529.8000 4.035680e-01
529.9000 4.035760e-01
530.0000 4.035840e-01
530.1000 4.035910e-01
530.2000 4.035970e-01
530.3000 4.036040e-01
530.4000 4.036110e-01
530.5000 4.036170e-01
530.6000 4.036240e-01
530.7000 4.036310e-01
530.8000 4.036370e-01
530.9000 4.036440e-01
531.0000 4.036510e-01
531.1000 4.036560e-01
531.2000 4.036620e-01
531.3000 4.036680e-01
531.4000 4.036740e-01
531.5000 4.036790e-01
531.6000 4.036850e-01
531.7000 4.036910e-01
531.8000 4.036970e-01
531.9000 4.037020e-01
532.0000 4.037080e-01
532.1000 4.036890e-01
532.2000 4.036690e-01
532.3000 4.036500e-01
532.4000 4.036310e-01
532.5000 4.036110e-01
532.6000 4.035920e-01
532.7000 4.035720e-01
532.8000 4.035530e-01
532.9000 4.035340e-01
533.0000 4.035140e-01
533.1000 4.036280e-01
533.2000 4.037410e-01
533.3000 4.038550e-01
533.4000 4.039680e-01
533.5000 4.040810e-01
533.6000 4.041030e-01
533.7000 4.041250e-01
533.8000 4.041470e-01
533.9000 4.041690e-01
534.0000 4.041910e-01
534.1000 4.041970e-01
534.2000 4.042030e-01
534.3000 4.042090e-01
534.4000 4.042150e-01
534.5000 4.042210e-01
534.6000 4.043190e-01
534.7000 4.044170e-01
534.8000 4.045140e-01
534.9000 4.046120e-01
535.0000 4.047100e-01
535.1000 4.047270e-01
535.2000 4.047440e-01
535.3000 4.047610e-01
535.4000 4.047780e-01
535.5000 4.047960e-01
535.6000 4.049050e-01
535.7000 4.050130e-01
535.8000 4.051220e-01
535.9000 4.052310e-01
536.0000 4.053400e-01
536.1000 4.053340e-01
536.2000 4.053290e-01
536.3000 4.053230e-01
536.4000 4.053170e-01
536.5000 4.053110e-01
536.6000 4.053060e-01
536.7000 4.053000e-01
536.8000 4.052940e-01
536.9000 4.052890e-01
537.0000 4.052830e-01
537.1000 4.053150e-01
537.2000 4.053480e-01
537.3000 4.047770e-01
537.4000 4.042050e-01
537.5000 4.034600e-01
537.6000 4.028070e-01
537.7000 4.021310e-01
537.8000 4.014550e-01
537.9000 4.007780e-01
538.0000 4.001010e-01
538.1000 3.993010e-01
538.2000 3.985010e-01
538.3000 3.977010e-01
538.4000 3.969010e-01
538.5000 3.961220e-01
538.6000 3.953440e-01
538.7000 3.945450e-01
538.8000 3.937460e-01
538.9000 3.929470e-01
539.0000 3.921470e-01
539.1000 3.913640e-01
539.2000 3.905800e-01
539.3000 3.897960e-01
539.4000 3.890110e-01
539.5000 3.882470e-01
539.6000 3.874820e-01
539.7000 3.866950e-01
539.8000 3.859070e-01
539.9000 3.851180e-01
540.0000 3.843290e-01
540.1000 3.835220e-01
540.2000 3.827140e-01
540.3000 3.819060e-01
540.4000 3.810960e-01
540.5000 3.803080e-01
540.6000 3.794320e-01
540.7000 3.785340e-01
540.8000 3.776360e-01
540.9000 3.767380e-01
541.0000 3.758390e-01
541.1000 3.750420e-01
541.2000 3.742440e-01
541.3000 3.728420e-01
541.4000 3.714390e-01
541.5000 3.698420e-01
541.6000 3.682460e-01
541.7000 3.666290e-01
541.8000 3.650110e-01
541.9000 3.634150e-01
542.0000 3.618190e-01
542.1000 3.602190e-01
542.2000 3.586200e-01
542.3000 3.569980e-01
542.4000 3.553770e-01
542.5000 3.537770e-01
542.6000 3.522570e-01
542.7000 3.507370e-01
542.8000 3.492150e-01
542.9000 3.476710e-01
543.0000 3.461260e-01
543.1000 3.445260e-01
543.2000 3.429270e-01
543.3000 3.413280e-01
543.4000 3.397290e-01
543.5000 3.381080e-01
543.6000 3.364870e-01
543.7000 3.348880e-01
543.8000 3.332890e-01
543.9000 3.316900e-01
544.0000 3.300920e-01
544.1000 3.284810e-01
544.2000 3.268700e-01
544.3000 3.252810e-01
544.4000 3.236930e-01
544.5000 3.220840e-01
544.6000 3.204760e-01
544.7000 3.188900e-01
544.8000 3.173050e-01
544.9000 3.157200e-01
545.0000 3.141360e-01
545.1000 3.125080e-01
545.2000 3.108800e-01
545.3000 3.092740e-01
545.4000 3.076690e-01
545.5000 3.060640e-01
545.6000 3.044590e-01
545.7000 3.028330e-01
545.8000 3.012080e-01
545.9000 2.996040e-01
546.0000 2.980000e-01
546.1000 2.964240e-01
546.2000 2.948470e-01
546.3000 2.932490e-01
546.4000 2.916510e-01
546.5000 2.900730e-01
546.6000 2.884950e-01
546.7000 2.868950e-01
546.8000 2.852950e-01
546.9000 2.837160e-01
547.0000 2.821370e-01
547.1000 2.806230e-01
547.2000 2.791070e-01
547.3000 2.775690e-01
547.4000 2.760290e-01
547.5000 2.745110e-01
547.6000 2.729290e-01
547.7000 2.713480e-01
547.8000 2.697660e-01
547.9000 2.681620e-01
548.0000 2.665580e-01
548.1000 2.649590e-01
548.2000 2.633610e-01
548.3000 2.617620e-01
548.4000 2.601630e-01
548.5000 2.585420e-01
548.6000 2.569210e-01
548.7000 2.553220e-01
548.8000 2.537220e-01
548.9000 2.521010e-01
549.0000 2.504800e-01
549.1000 2.488810e-01
549.2000 2.472810e-01
549.3000 2.456820e-01
549.4000 2.440820e-01
549.5000 2.424610e-01
549.6000 2.408940e-01
549.7000 2.393480e-01
549.8000 2.378010e-01
549.9000 2.362530e-01
550.0000 2.347040e-01
550.1000 2.330880e-01
550.2000 2.314710e-01
550.3000 2.298760e-01
550.4000 2.282800e-01
550.5000 2.266850e-01
550.6000 2.250890e-01
550.7000 2.234710e-01
550.8000 2.218530e-01
550.9000 2.202570e-01
551.0000 2.186600e-01
551.1000 2.170630e-01
551.2000 2.154660e-01
551.3000 2.138470e-01
551.4000 2.122270e-01
551.5000 2.106300e-01
551.6000 2.090320e-01
551.7000 2.074120e-01
551.8000 2.057920e-01
551.9000 2.041930e-01
552.0000 2.025950e-01
552.1000 2.009940e-01
552.2000 1.993930e-01
552.3000 1.977700e-01
552.4000 1.961470e-01
552.5000 1.945450e-01
552.6000 1.929440e-01
552.7000 1.913420e-01
552.8000 1.897400e-01
552.9000 1.881160e-01
553.0000 1.864920e-01
553.1000 1.848930e-01
553.2000 1.832940e-01
553.3000 1.816940e-01
553.4000 1.800950e-01
553.5000 1.784730e-01
553.6000 1.768510e-01
553.7000 1.752510e-01
553.8000 1.736500e-01
553.9000 1.720280e-01
554.0000 1.704050e-01
554.1000 1.688050e-01
554.2000 1.672040e-01
554.3000 1.656030e-01
554.4000 1.640020e-01
554.5000 1.623790e-01
554.6000 1.607920e-01
554.7000 1.592260e-01
554.8000 1.576590e-01
554.9000 1.560910e-01
555.0000 1.545220e-01
555.1000 1.528920e-01
555.2000 1.512610e-01
555.3000 1.496520e-01
555.4000 1.480430e-01
555.5000 1.464340e-01
555.6000 1.448240e-01
555.7000 1.431930e-01
555.8000 1.415620e-01
555.9000 1.399520e-01
556.0000 1.383420e-01
556.1000 1.366870e-01
556.2000 1.350330e-01
556.3000 1.334010e-01
556.4000 1.317700e-01
556.5000 1.301390e-01
556.6000 1.285370e-01
556.7000 1.269130e-01
556.8000 1.252890e-01
556.9000 1.236860e-01
557.0000 1.220840e-01
557.1000 1.204820e-01
557.2000 1.188800e-01
557.3000 1.172560e-01
557.4000 1.156310e-01
557.5000 1.140280e-01
557.6000 1.124250e-01
557.7000 1.108210e-01
557.8000 1.092170e-01
557.9000 1.075910e-01
558.0000 1.059640e-01
558.1000 1.043490e-01
558.2000 1.027340e-01
558.3000 1.011190e-01
558.4000 9.950330e-02
558.5000 9.786610e-02
558.6000 9.622890e-02
558.7000 9.461350e-02
558.8000 9.299810e-02
558.9000 9.136080e-02
559.0000 8.972350e-02
559.1000 8.811180e-02
559.2000 8.649990e-02
559.3000 8.488790e-02
559.4000 8.327580e-02
559.5000 8.164160e-02
559.6000 7.998920e-02
559.7000 7.835920e-02
559.8000 7.672980e-02
559.9000 7.510090e-02
560.0000 7.347260e-02
560.1000 7.184380e-02
560.2000 7.021470e-02
560.3000 6.860700e-02
560.4000 6.699900e-02
560.5000 6.539050e-02
560.6000 6.378170e-02
560.7000 6.215070e-02
560.8000 6.051930e-02
560.9000 5.890940e-02
561.0000 5.729910e-02
561.1000 5.566210e-02
561.2000 5.402500e-02
561.3000 5.240970e-02
561.4000 5.079420e-02
561.5000 4.917860e-02
561.6000 4.755220e-02
561.7000 4.590450e-02
561.8000 4.425740e-02
561.9000 4.263280e-02
562.0000 4.100880e-02
562.1000 4.018030e-02
562.2000 3.935170e-02
562.3000 3.854490e-02
562.4000 3.773800e-02
562.5000 3.690920e-02
562.6000 3.608040e-02
562.7000 3.527340e-02
562.8000 3.446640e-02
562.9000 3.363740e-02
563.0000 3.280840e-02
563.1000 3.200350e-02
563.2000 3.119850e-02
563.3000 3.037150e-02
563.4000 2.954420e-02
563.5000 2.873870e-02
563.6000 2.793300e-02
563.7000 2.710530e-02
563.8000 2.627740e-02
563.9000 2.544930e-02
564.0000 2.462100e-02
564.1000 2.380840e-02
564.2000 2.299600e-02
564.3000 2.216210e-02
564.4000 2.132830e-02
564.5000 2.051670e-02
564.6000 1.970970e-02
564.7000 1.888080e-02
564.8000 1.805180e-02
564.9000 1.724450e-02
565.0000 1.643710e-02
565.1000 1.560770e-02
565.2000 1.477810e-02
565.3000 1.394850e-02
565.4000 1.311870e-02
565.5000 1.231060e-02
565.6000 1.150250e-02
565.7000 1.067230e-02
565.8000 9.842000e-03
565.9000 9.033460e-03
566.0000 8.224790e-03
566.1000 7.394410e-03
566.2000 6.563830e-03
566.3000 5.754950e-03
566.4000 4.945880e-03
566.5000 4.114740e-03
566.6000 3.283410e-03
566.7000 2.473780e-03
566.8000 1.663970e-03
566.9000 8.320810e-04
