# LSST/LSST.u from the SVO Filter Profile Service, 2026-09-28
# wavelength[nm] throughput
320.0000 1.429550e-14
320.1000 3.292500e-04
320.2000 6.890390e-04
320.3000 1.080520e-03
320.4000 1.504870e-03
320.5000 1.963060e-03
320.6000 2.460430e-03
320.7000 2.996160e-03
320.8000 3.571410e-03
320.9000 4.187580e-03
321.0000 4.846120e-03
321.1000 5.034380e-03
321.2000 5.226420e-03
321.3000 5.422250e-03
321.4000 5.621930e-03
321.5000 5.824880e-03
321.6000 5.991510e-03
321.7000 6.160140e-03
321.8000 6.330140e-03
321.9000 6.501510e-03
322.0000 6.674230e-03
322.1000 6.875990e-03
322.2000 7.080270e-03
322.3000 7.287090e-03
322.4000 7.496450e-03
322.5000 7.707620e-03
322.6000 7.988100e-03
322.7000 8.275660e-03
322.8000 8.569670e-03
322.9000 8.870210e-03
323.0000 9.177360e-03
323.1000 9.530990e-03
323.2000 9.893110e-03
323.3000 1.026380e-02
323.4000 1.064330e-02
323.5000 1.103050e-02
323.6000 1.135600e-02
323.7000 1.168790e-02
323.8000 1.202550e-02
323.9000 1.236860e-02
324.0000 1.271740e-02
324.1000 1.299660e-02
324.2000 1.327760e-02
324.3000 1.356050e-02
324.4000 1.384510e-02
324.5000 1.413040e-02
324.6000 1.441060e-02
324.7000 1.469330e-02
324.8000 1.497750e-02
324.9000 1.526300e-02
325.0000 1.555000e-02
325.1000 1.595050e-02
325.2000 1.635680e-02
325.3000 1.676900e-02
325.4000 1.718710e-02
325.5000 1.760980e-02
325.6000 1.811520e-02
325.7000 1.863130e-02
325.8000 1.915670e-02
325.9000 1.969160e-02
326.0000 2.023590e-02
326.1000 2.077250e-02
326.2000 2.131800e-02
326.3000 2.187250e-02
326.4000 2.243600e-02
326.5000 2.300700e-02
326.6000 2.347250e-02
326.7000 2.394460e-02
326.8000 2.442160e-02
326.9000 2.490360e-02
327.0000 2.539050e-02
327.1000 2.581090e-02
327.2000 2.623340e-02
327.3000 2.665810e-02
327.4000 2.708490e-02
327.5000 2.751190e-02
327.6000 2.796590e-02
327.7000 2.842490e-02
327.8000 2.888680e-02
327.9000 2.935160e-02
328.0000 2.981940e-02
328.1000 3.046570e-02
328.2000 3.112080e-02
328.3000 3.178500e-02
328.4000 3.245830e-02
328.5000 3.313840e-02
328.6000 3.390190e-02
328.7000 3.467920e-02
328.8000 3.546830e-02
328.9000 3.626920e-02
329.0000 3.708220e-02
329.1000 3.778320e-02
329.2000 3.849280e-02
329.3000 3.921090e-02
329.4000 3.993760e-02
329.5000 4.067040e-02
329.6000 4.127350e-02
329.7000 4.188400e-02
329.8000 4.249910e-02
329.9000 4.311910e-02
330.0000 4.374380e-02
330.1000 4.427250e-02
330.2000 4.480360e-02
330.3000 4.533720e-02
330.4000 4.587320e-02
330.5000 4.640890e-02
330.6000 4.700650e-02
330.7000 4.761110e-02
330.8000 4.821960e-02
330.9000 4.883200e-02
331.0000 4.944850e-02
331.1000 5.019270e-02
331.2000 5.094430e-02
331.3000 5.161810e-02
331.4000 5.229760e-02
331.5000 5.295780e-02
331.6000 5.373520e-02
331.7000 5.451690e-02
331.8000 5.530610e-02
331.9000 5.610280e-02
332.0000 5.690710e-02
332.1000 5.759080e-02
332.2000 5.828000e-02
332.3000 5.897110e-02
332.4000 5.966770e-02
332.5000 6.037310e-02
332.6000 6.096120e-02
332.7000 6.154910e-02
332.8000 6.214030e-02
332.9000 6.273480e-02
333.0000 6.333260e-02
333.1000 6.378550e-02
333.2000 6.423940e-02
333.3000 6.469080e-02
333.4000 6.514320e-02
333.5000 6.560040e-02
333.6000 6.613850e-02
333.7000 6.667490e-02
333.8000 6.721350e-02
333.9000 6.775450e-02
334.0000 6.829790e-02
334.1000 6.900580e-02
334.2000 6.971920e-02
334.3000 7.043410e-02
334.4000 7.115450e-02
334.5000 7.188460e-02
334.6000 7.264930e-02
334.7000 7.338010e-02
334.8000 7.411650e-02
334.9000 7.474790e-02
335.0000 7.538320e-02
335.1000 7.590310e-02
335.2000 7.642580e-02
335.3000 7.695140e-02
335.4000 7.747990e-02
335.5000 7.801120e-02
335.6000 7.845390e-02
335.7000 7.889840e-02
335.8000 7.934470e-02
335.9000 7.979270e-02
336.0000 8.024230e-02
336.1000 8.057830e-02
336.2000 8.091460e-02
336.3000 8.125140e-02
336.4000 8.158830e-02
336.5000 8.192530e-02
336.6000 8.226210e-02
336.7000 8.259930e-02
336.8000 8.293690e-02
336.9000 8.327490e-02
337.0000 8.361330e-02
337.1000 8.399020e-02
337.2000 8.436800e-02
337.3000 8.474670e-02
337.4000 8.512640e-02
337.5000 8.550700e-02
337.6000 8.605500e-02
337.7000 8.660520e-02
337.8000 8.715780e-02
337.9000 8.771250e-02
338.0000 8.826960e-02
338.1000 8.879910e-02
338.2000 8.933060e-02
338.3000 8.986420e-02
338.4000 9.039980e-02
338.5000 9.093740e-02
338.6000 9.137340e-02
338.7000 9.181090e-02
338.8000 9.224970e-02
338.9000 9.268990e-02
339.0000 9.313120e-02
339.1000 9.353190e-02
339.2000 9.393350e-02
339.3000 9.433590e-02
339.4000 9.473900e-02
339.5000 9.514300e-02
339.6000 9.547590e-02
339.7000 9.580900e-02
339.8000 9.614220e-02
339.9000 9.647570e-02
340.0000 9.680930e-02
340.1000 9.717860e-02
340.2000 9.754850e-02
340.3000 9.791900e-02
340.4000 9.829010e-02
340.5000 9.866190e-02
340.6000 9.910830e-02
340.7000 9.955580e-02
340.8000 1.000050e-01
340.9000 1.004550e-01
341.0000 1.009060e-01
341.1000 1.013270e-01
341.2000 1.017490e-01
341.3000 1.021720e-01
341.4000 1.025970e-01
341.5000 1.030230e-01
341.6000 1.034500e-01
341.7000 1.038790e-01
341.8000 1.043090e-01
341.9000 1.047410e-01
342.0000 1.051730e-01
342.1000 1.055810e-01
342.2000 1.059900e-01
342.3000 1.064000e-01
342.4000 1.068100e-01
342.5000 1.072220e-01
342.6000 1.075550e-01
342.7000 1.078900e-01
342.8000 1.082240e-01
342.9000 1.085590e-01
343.0000 1.088940e-01
343.1000 1.092040e-01
343.2000 1.095150e-01
343.3000 1.098260e-01
343.4000 1.101370e-01
343.5000 1.104490e-01
343.6000 1.107620e-01
343.7000 1.110750e-01
343.8000 1.113890e-01
343.9000 1.117040e-01
344.0000 1.120190e-01
344.1000 1.123740e-01
344.2000 1.127290e-01
344.3000 1.130850e-01
344.4000 1.134410e-01
344.5000 1.137980e-01
344.6000 1.142370e-01
344.7000 1.146770e-01
344.8000 1.151180e-01
344.9000 1.155590e-01
345.0000 1.160010e-01
345.1000 1.163930e-01
345.2000 1.167860e-01
345.3000 1.171800e-01
345.4000 1.175730e-01
345.5000 1.179670e-01
345.6000 1.183180e-01
345.7000 1.186700e-01
345.8000 1.190220e-01
345.9000 1.193750e-01
346.0000 1.197280e-01
346.1000 1.200670e-01
346.2000 1.204060e-01
346.3000 1.207460e-01
346.4000 1.210860e-01
346.5000 1.214280e-01
346.6000 1.217700e-01
346.7000 1.221130e-01
346.8000 1.224570e-01
346.9000 1.228010e-01
347.0000 1.231450e-01
347.1000 1.234940e-01
347.2000 1.238420e-01
347.3000 1.241920e-01
347.4000 1.245420e-01
347.5000 1.248930e-01
347.6000 1.252440e-01
347.7000 1.255960e-01
347.8000 1.259480e-01
347.9000 1.263010e-01
348.0000 1.266550e-01
348.1000 1.269970e-01
348.2000 1.273400e-01
348.3000 1.276840e-01
348.4000 1.280280e-01
348.5000 1.283730e-01
348.6000 1.287650e-01
348.7000 1.291570e-01
348.8000 1.295510e-01
348.9000 1.299450e-01
349.0000 1.303400e-01
349.1000 1.306770e-01
349.2000 1.310140e-01
349.3000 1.313510e-01
349.4000 1.316880e-01
349.5000 1.320250e-01
349.6000 1.323610e-01
349.7000 1.326960e-01
349.8000 1.330310e-01
349.9000 1.333660e-01
350.0000 1.337000e-01
350.1000 1.339870e-01
350.2000 1.342740e-01
350.3000 1.345600e-01
350.4000 1.348450e-01
350.5000 1.351300e-01
350.6000 1.354610e-01
350.7000 1.357920e-01
350.8000 1.361230e-01
350.9000 1.364530e-01
351.0000 1.367840e-01
351.1000 1.370480e-01
351.2000 1.373130e-01
351.3000 1.375770e-01
351.4000 1.378420e-01
351.5000 1.381080e-01
351.6000 1.384230e-01
351.7000 1.387370e-01
351.8000 1.390520e-01
351.9000 1.393670e-01
352.0000 1.396830e-01
352.1000 1.400620e-01
352.2000 1.404420e-01
352.3000 1.408230e-01
352.4000 1.412040e-01
352.5000 1.415860e-01
352.6000 1.419200e-01
352.7000 1.422540e-01
352.8000 1.425890e-01
352.9000 1.429250e-01
353.0000 1.432610e-01
353.1000 1.435700e-01
353.2000 1.438790e-01
353.3000 1.441890e-01
353.4000 1.444990e-01
353.5000 1.448100e-01
353.6000 1.450720e-01
353.7000 1.453350e-01
353.8000 1.455970e-01
353.9000 1.458600e-01
354.0000 1.461240e-01
354.1000 1.464580e-01
354.2000 1.467920e-01
354.3000 1.471280e-01
354.4000 1.474630e-01
354.5000 1.478000e-01
354.6000 1.481370e-01
354.7000 1.484750e-01
354.8000 1.488140e-01
354.9000 1.491530e-01
355.0000 1.494930e-01
355.1000 1.498130e-01
355.2000 1.501340e-01
355.3000 1.504550e-01
355.4000 1.507770e-01
355.5000 1.511000e-01
355.6000 1.514230e-01
355.7000 1.517470e-01
355.8000 1.520720e-01
355.9000 1.523970e-01
356.0000 1.527230e-01
356.1000 1.529950e-01
356.2000 1.532680e-01
356.3000 1.535410e-01
356.4000 1.538140e-01
356.5000 1.540870e-01
356.6000 1.544120e-01
356.7000 1.547370e-01
356.8000 1.550620e-01
356.9000 1.553880e-01
357.0000 1.557140e-01
357.1000 1.560380e-01
357.2000 1.563620e-01
357.3000 1.566860e-01
357.4000 1.570110e-01
357.5000 1.573360e-01
357.6000 1.576610e-01
357.7000 1.579870e-01
357.8000 1.583140e-01
357.9000 1.586400e-01
358.0000 1.589680e-01
358.1000 1.593020e-01
358.2000 1.596370e-01
358.3000 1.599730e-01
358.4000 1.603090e-01
358.5000 1.606450e-01
358.6000 1.609290e-01
358.7000 1.612130e-01
358.8000 1.614970e-01
358.9000 1.617820e-01
359.0000 1.620670e-01
359.1000 1.623920e-01
359.2000 1.627180e-01
359.3000 1.630450e-01
359.4000 1.633720e-01
359.5000 1.637000e-01
359.6000 1.640290e-01
359.7000 1.643580e-01
359.8000 1.646880e-01
359.9000 1.650190e-01
360.0000 1.653500e-01
360.1000 1.656160e-01
360.2000 1.658820e-01
360.3000 1.661490e-01
360.4000 1.664160e-01
360.5000 1.666840e-01
360.6000 1.670060e-01
360.7000 1.673290e-01
360.8000 1.676530e-01
360.9000 1.679770e-01
361.0000 1.683020e-01
361.1000 1.686390e-01
361.2000 1.689770e-01
361.3000 1.693150e-01
361.4000 1.696530e-01
361.5000 1.699920e-01
361.6000 1.703310e-01
361.7000 1.706710e-01
361.8000 1.710120e-01
361.9000 1.713530e-01
362.0000 1.716940e-01
362.1000 1.719740e-01
362.2000 1.722550e-01
362.3000 1.725360e-01
362.4000 1.728170e-01
362.5000 1.730980e-01
362.6000 1.734360e-01
362.7000 1.737730e-01
362.8000 1.741110e-01
362.9000 1.744500e-01
363.0000 1.747880e-01
363.1000 1.751220e-01
363.2000 1.754570e-01
363.3000 1.757920e-01
363.4000 1.761270e-01
363.5000 1.764620e-01
363.6000 1.767420e-01
363.7000 1.770210e-01
363.8000 1.773010e-01
363.9000 1.775820e-01
364.0000 1.778630e-01
364.1000 1.781920e-01
364.2000 1.785220e-01
364.3000 1.788530e-01
364.4000 1.791840e-01
364.5000 1.795150e-01
364.6000 1.798470e-01
364.7000 1.801800e-01
364.8000 1.805120e-01
364.9000 1.808460e-01
365.0000 1.811790e-01
365.1000 1.814560e-01
365.2000 1.817320e-01
365.3000 1.820090e-01
365.4000 1.822860e-01
365.5000 1.825640e-01
365.6000 1.828990e-01
365.7000 1.832340e-01
365.8000 1.835690e-01
365.9000 1.839050e-01
366.0000 1.842410e-01
366.1000 1.845710e-01
366.2000 1.849020e-01
366.3000 1.852330e-01
366.4000 1.855650e-01
366.5000 1.858970e-01
366.6000 1.861720e-01
366.7000 1.864470e-01
366.8000 1.867220e-01
366.9000 1.869980e-01
367.0000 1.872740e-01
367.1000 1.876070e-01
367.2000 1.879420e-01
367.3000 1.882760e-01
367.4000 1.886110e-01
367.5000 1.889460e-01
367.6000 1.892820e-01
367.7000 1.896180e-01
367.8000 1.899550e-01
367.9000 1.902910e-01
368.0000 1.906280e-01
368.1000 1.909070e-01
368.2000 1.911860e-01
368.3000 1.914650e-01
368.4000 1.917440e-01
368.5000 1.920240e-01
368.6000 1.923630e-01
368.7000 1.927040e-01
368.8000 1.930440e-01
368.9000 1.933850e-01
369.0000 1.937260e-01
369.1000 1.940000e-01
369.2000 1.942730e-01
369.3000 1.945460e-01
369.4000 1.948190e-01
369.5000 1.950920e-01
369.6000 1.954240e-01
369.7000 1.957570e-01
369.8000 1.960880e-01
369.9000 1.964200e-01
370.0000 1.967510e-01
370.1000 1.970760e-01
370.2000 1.974020e-01
370.3000 1.977270e-01
370.4000 1.980510e-01
370.5000 1.983750e-01
370.6000 1.986380e-01
370.7000 1.989000e-01
370.8000 1.991620e-01
370.9000 1.994230e-01
371.0000 1.996840e-01
371.1000 2.000000e-01
371.2000 2.003160e-01
371.3000 2.006320e-01
371.4000 2.009490e-01
371.5000 2.012660e-01
371.6000 2.015220e-01
371.7000 2.017780e-01
371.8000 2.020340e-01
371.9000 2.022900e-01
372.0000 2.025460e-01
372.1000 2.028570e-01
372.2000 2.031680e-01
372.3000 2.034790e-01
372.4000 2.037900e-01
372.5000 2.041020e-01
372.6000 2.043510e-01
372.7000 2.046010e-01
372.8000 2.048510e-01
372.9000 2.051010e-01
373.0000 2.053520e-01
373.1000 2.056710e-01
373.2000 2.059900e-01
373.3000 2.063100e-01
373.4000 2.066300e-01
373.5000 2.069510e-01
373.6000 2.072090e-01
373.7000 2.074670e-01
373.8000 2.077250e-01
373.9000 2.079840e-01
374.0000 2.082430e-01
374.1000 2.085530e-01
374.2000 2.088640e-01
374.3000 2.091760e-01
374.4000 2.094880e-01
374.5000 2.098020e-01
374.6000 2.100530e-01
374.7000 2.103050e-01
374.8000 2.105580e-01
374.9000 2.108130e-01
375.0000 2.110680e-01
375.1000 2.113910e-01
375.2000 2.117150e-01
375.3000 2.120410e-01
375.4000 2.123670e-01
375.5000 2.126950e-01
375.6000 2.129600e-01
375.7000 2.132250e-01
375.8000 2.134920e-01
375.9000 2.137590e-01
376.0000 2.140270e-01
376.1000 2.143540e-01
376.2000 2.146830e-01
376.3000 2.150110e-01
376.4000 2.153400e-01
376.5000 2.156690e-01
376.6000 2.159330e-01
376.7000 2.161980e-01
376.8000 2.164630e-01
376.9000 2.167280e-01
377.0000 2.169940e-01
377.1000 2.173140e-01
377.2000 2.176340e-01
377.3000 2.179550e-01
377.4000 2.182760e-01
377.5000 2.185980e-01
377.6000 2.188540e-01
377.7000 2.191110e-01
377.8000 2.193680e-01
377.9000 2.196250e-01
378.0000 2.198820e-01
378.1000 2.201990e-01
378.2000 2.205160e-01
378.3000 2.208330e-01
378.4000 2.211510e-01
378.5000 2.214680e-01
378.6000 2.217200e-01
378.7000 2.219720e-01
378.8000 2.222230e-01
378.9000 2.224750e-01
379.0000 2.227270e-01
379.1000 2.229750e-01
379.2000 2.232220e-01
379.3000 2.231390e-01
379.4000 2.230550e-01
379.5000 2.228480e-01
379.6000 2.227060e-01
379.7000 2.225750e-01
379.8000 2.224440e-01
379.9000 2.223120e-01
380.0000 2.221790e-01
380.1000 2.219790e-01
380.2000 2.217780e-01
380.3000 2.215880e-01
380.4000 2.213980e-01
380.5000 2.211950e-01
380.6000 2.210560e-01
380.7000 2.209280e-01
380.8000 2.207990e-01
380.9000 2.206690e-01
381.0000 2.205380e-01
381.1000 2.203230e-01
381.2000 2.201070e-01
381.3000 2.199030e-01
381.4000 2.196980e-01
381.5000 2.194800e-01
381.6000 2.193250e-01
381.7000 2.191820e-01
381.8000 2.190370e-01
381.9000 2.188920e-01
382.0000 2.187460e-01
382.1000 2.185140e-01
382.2000 2.182800e-01
382.3000 2.180590e-01
382.4000 2.178370e-01
382.5000 2.176010e-01
382.6000 2.174290e-01
382.7000 2.171520e-01
382.8000 2.168750e-01
382.9000 2.162360e-01
383.0000 2.155940e-01
383.1000 2.148760e-01
383.2000 2.141560e-01
383.3000 2.134340e-01
383.4000 2.127100e-01
383.5000 2.119970e-01
383.6000 2.112820e-01
383.7000 2.105520e-01
383.8000 2.098200e-01
383.9000 2.090860e-01
384.0000 2.083490e-01
384.1000 2.076250e-01
384.2000 2.068990e-01
384.3000 2.061700e-01
384.4000 2.054400e-01
384.5000 2.047200e-01
384.6000 2.040570e-01
384.7000 2.033780e-01
384.8000 2.026970e-01
384.9000 2.020130e-01
385.0000 2.013260e-01
385.1000 2.005580e-01
385.2000 1.997880e-01
385.3000 1.990150e-01
385.4000 1.982410e-01
385.5000 1.974790e-01
385.6000 1.967710e-01
385.7000 1.960470e-01
385.8000 1.953210e-01
385.9000 1.945930e-01
386.0000 1.938620e-01
386.1000 1.930850e-01
386.2000 1.923070e-01
386.3000 1.915270e-01
386.4000 1.907440e-01
386.5000 1.899740e-01
386.6000 1.892020e-01
386.7000 1.884140e-01
386.8000 1.876250e-01
386.9000 1.868340e-01
387.0000 1.860410e-01
387.1000 1.852910e-01
387.2000 1.845390e-01
387.3000 1.837850e-01
387.4000 1.830290e-01
387.5000 1.822830e-01
387.6000 1.814840e-01
387.7000 1.806690e-01
387.8000 1.798530e-01
387.9000 1.790340e-01
388.0000 1.782140e-01
388.1000 1.773920e-01
388.2000 1.765670e-01
388.3000 1.757410e-01
388.4000 1.749130e-01
388.5000 1.740970e-01
388.6000 1.733290e-01
388.7000 1.725440e-01
388.8000 1.717570e-01
388.9000 1.709670e-01
389.0000 1.701760e-01
389.1000 1.693240e-01
389.2000 1.684700e-01
389.3000 1.676150e-01
389.4000 1.667590e-01
389.5000 1.659150e-01
389.6000 1.650700e-01
389.7000 1.642090e-01
389.8000 1.633470e-01
389.9000 1.624830e-01
390.0000 1.616180e-01
390.1000 1.608050e-01
390.2000 1.599900e-01
390.3000 1.591730e-01
390.4000 1.583540e-01
390.5000 1.575460e-01
390.6000 1.566930e-01
390.7000 1.558240e-01
390.8000 1.549540e-01
390.9000 1.540820e-01
391.0000 1.532080e-01
391.1000 1.523210e-01
391.2000 1.514320e-01
391.3000 1.505410e-01
391.4000 1.496490e-01
391.5000 1.487690e-01
391.6000 1.478870e-01
391.7000 1.469900e-01
391.8000 1.460910e-01
391.9000 1.451900e-01
392.0000 1.442870e-01
392.1000 1.434250e-01
392.2000 1.425610e-01
392.3000 1.416950e-01
392.4000 1.408260e-01
392.5000 1.399690e-01
392.6000 1.390700e-01
392.7000 1.381560e-01
392.8000 1.372390e-01
392.9000 1.363200e-01
393.0000 1.354000e-01
393.1000 1.344810e-01
393.2000 1.335610e-01
393.3000 1.326380e-01
393.4000 1.317130e-01
393.5000 1.308010e-01
393.6000 1.299230e-01
393.7000 1.290280e-01
393.8000 1.281310e-01
393.9000 1.272310e-01
394.0000 1.263290e-01
394.1000 1.253870e-01
394.2000 1.244440e-01
394.3000 1.234990e-01
394.4000 1.225520e-01
394.5000 1.216190e-01
394.6000 1.206830e-01
394.7000 1.197320e-01
394.8000 1.187780e-01
394.9000 1.178240e-01
395.0000 1.168670e-01
395.1000 1.159010e-01
395.2000 1.149340e-01
395.3000 1.139660e-01
395.4000 1.129960e-01
395.5000 1.120390e-01
395.6000 1.110810e-01
395.7000 1.101070e-01
395.8000 1.091310e-01
395.9000 1.081540e-01
396.0000 1.071760e-01
396.1000 1.062260e-01
396.2000 1.052740e-01
396.3000 1.043190e-01
396.4000 1.033620e-01
396.5000 1.024170e-01
396.6000 1.014410e-01
396.7000 1.004490e-01
396.8000 9.945390e-02
396.9000 9.845710e-02
397.0000 9.745810e-02
397.1000 9.645910e-02
397.2000 9.545790e-02
397.3000 9.445430e-02
397.4000 9.344830e-02
397.5000 9.245490e-02
397.6000 9.145920e-02
397.7000 9.044620e-02
397.8000 8.943100e-02
397.9000 8.841360e-02
398.0000 8.739400e-02
398.1000 8.636910e-02
398.2000 8.534220e-02
398.3000 8.431340e-02
398.4000 8.328280e-02
398.5000 8.226540e-02
398.6000 8.126870e-02
398.7000 8.025450e-02
398.8000 7.923780e-02
398.9000 7.821870e-02
399.0000 7.719720e-02
399.1000 7.615200e-02
399.2000 7.510510e-02
399.3000 7.405640e-02
399.4000 7.300610e-02
399.5000 7.196930e-02
399.6000 7.093080e-02
399.7000 6.987540e-02
399.8000 6.881820e-02
399.9000 6.775930e-02
400.0000 6.669870e-02
400.1000 6.563290e-02
400.2000 6.456550e-02
400.3000 6.349650e-02
400.4000 6.242580e-02
400.5000 6.136880e-02
400.6000 6.031010e-02
400.7000 5.923450e-02
400.8000 5.815730e-02
400.9000 5.707840e-02
401.0000 5.599790e-02
401.1000 5.492950e-02
401.2000 5.385890e-02
401.3000 5.278610e-02
401.4000 5.171110e-02
401.5000 5.064940e-02
401.6000 4.957200e-02
401.7000 4.847750e-02
401.8000 4.738140e-02
401.9000 4.628360e-02
402.0000 4.518430e-02
402.1000 4.408540e-02
402.2000 4.298470e-02
402.3000 4.188230e-02
402.4000 4.077820e-02
402.5000 3.968800e-02
402.6000 3.859600e-02
402.7000 3.748680e-02
402.8000 3.637580e-02
402.9000 3.526310e-02
403.0000 3.414870e-02
403.1000 3.303340e-02
403.2000 3.191630e-02
403.3000 3.079740e-02
403.4000 2.967670e-02
403.5000 2.885240e-02
403.6000 2.802690e-02
403.7000 2.746730e-02
403.8000 2.690680e-02
403.9000 2.636110e-02
404.0000 2.581460e-02
404.1000 2.526420e-02
404.2000 2.471310e-02
404.3000 2.414550e-02
404.4000 2.357700e-02
404.5000 2.302360e-02
404.6000 2.247550e-02
404.7000 2.191060e-02
404.8000 2.134450e-02
404.9000 2.079320e-02
405.0000 2.024080e-02
405.1000 1.968290e-02
405.2000 1.912420e-02
405.3000 1.854870e-02
405.4000 1.797250e-02
405.5000 1.741130e-02
405.6000 1.684930e-02
405.7000 1.627060e-02
405.8000 1.569100e-02
405.9000 1.512650e-02
406.0000 1.456130e-02
406.1000 1.399550e-02
406.2000 1.342890e-02
406.3000 1.284550e-02
406.4000 1.226110e-02
406.5000 1.169200e-02
406.6000 1.112200e-02
406.7000 1.053510e-02
406.8000 9.947270e-03
406.9000 9.374710e-03
407.0000 8.801300e-03
407.1000 8.226660e-03
407.2000 7.651220e-03
407.3000 7.058830e-03
407.4000 6.465620e-03
407.5000 5.887760e-03
407.6000 5.309110e-03
407.7000 4.713450e-03
407.8000 4.116980e-03
407.9000 3.535900e-03
408.0000 2.954020e-03
408.1000 2.371390e-03
408.2000 1.787940e-03
408.3000 1.187390e-03
408.4000 5.859770e-04
408.5000 2.931970e-04
