# LSST/LSST.y from the SVO Filter Profile Service, 2026-09-28
# wavelength[nm] throughput
908.4000 4.969710e-13
908.5000 3.593540e-04
908.6000 7.187000e-04
908.7000 1.457350e-03
908.8000 2.195970e-03
908.9000 2.934580e-03
909.0000 3.673160e-03
909.1000 4.395900e-03
909.2000 5.119980e-03
909.3000 5.865410e-03
909.4000 6.612210e-03
909.5000 7.360390e-03
909.6000 8.106320e-03
909.7000 8.832910e-03
909.8000 9.560200e-03
909.9000 1.030830e-02
910.0000 1.105710e-02
910.1000 1.177820e-02
910.2000 1.249640e-02
910.3000 1.319180e-02
910.4000 1.388450e-02
910.5000 1.459440e-02
910.6000 1.537020e-02
910.7000 1.614970e-02
910.8000 1.693290e-02
910.9000 1.769980e-02
911.0000 1.847030e-02
911.1000 1.923410e-02
911.2000 1.999930e-02
911.3000 2.076580e-02
911.4000 2.153370e-02
911.5000 2.228260e-02
911.6000 2.294700e-02
911.7000 2.362740e-02
911.8000 2.430370e-02
911.9000 2.495570e-02
912.0000 2.560370e-02
912.1000 2.640810e-02
912.2000 2.721620e-02
912.3000 2.802780e-02
912.4000 2.884300e-02
912.5000 2.964160e-02
912.6000 3.019100e-02
912.7000 3.075200e-02
912.8000 3.130430e-02
912.9000 3.184790e-02
913.0000 3.238290e-02
913.1000 3.287150e-02
913.2000 3.335100e-02
913.3000 3.384040e-02
913.4000 3.432050e-02
913.5000 3.515170e-02
913.6000 3.640650e-02
913.7000 3.803690e-02
913.8000 3.968230e-02
913.9000 4.132320e-02
914.0000 4.297890e-02
914.1000 4.476870e-02
914.2000 4.657960e-02
914.3000 4.841170e-02
914.4000 5.026490e-02
914.5000 5.211880e-02
914.6000 5.346860e-02
914.7000 5.483030e-02
914.8000 5.618380e-02
914.9000 5.752910e-02
915.0000 5.886610e-02
915.1000 5.968680e-02
915.2000 6.047450e-02
915.3000 6.120990e-02
915.4000 6.191280e-02
915.5000 6.260210e-02
915.6000 6.419610e-02
915.7000 6.579780e-02
915.8000 6.740730e-02
915.9000 6.902460e-02
916.0000 7.064970e-02
916.1000 7.285380e-02
916.2000 7.508830e-02
916.3000 7.737270e-02
916.4000 7.968790e-02
916.5000 8.203370e-02
916.6000 8.356090e-02
916.7000 8.508860e-02
916.8000 8.661700e-02
916.9000 8.812580e-02
917.0000 8.963520e-02
917.1000 9.045350e-02
917.2000 9.124950e-02
917.3000 9.202310e-02
917.4000 9.277440e-02
917.5000 9.350330e-02
917.6000 9.463450e-02
917.7000 9.573680e-02
917.8000 9.682950e-02
917.9000 9.793180e-02
918.0000 9.902450e-02
918.1000 1.010140e-01
918.2000 1.030180e-01
918.3000 1.050190e-01
918.4000 1.070340e-01
918.5000 1.090840e-01
918.6000 1.111730e-01
918.7000 1.132790e-01
918.8000 1.154000e-01
918.9000 1.175370e-01
919.0000 1.196890e-01
919.1000 1.213710e-01
919.2000 1.230570e-01
919.3000 1.247680e-01
919.4000 1.264840e-01
919.5000 1.282030e-01
919.6000 1.297080e-01
919.7000 1.312120e-01
919.8000 1.327150e-01
919.9000 1.341970e-01
920.0000 1.356780e-01
920.1000 1.375420e-01
920.2000 1.394130e-01
920.3000 1.412910e-01
920.4000 1.431760e-01
920.5000 1.450680e-01
920.6000 1.465070e-01
920.7000 1.479240e-01
920.8000 1.493390e-01
920.9000 1.507710e-01
921.0000 1.522020e-01
921.1000 1.532570e-01
921.2000 1.543030e-01
921.3000 1.553400e-01
921.4000 1.563680e-01
921.5000 1.573670e-01
921.6000 1.587260e-01
921.7000 1.601040e-01
921.8000 1.614790e-01
921.9000 1.628510e-01
922.0000 1.642220e-01
922.1000 1.659830e-01
922.2000 1.677500e-01
922.3000 1.695400e-01
922.4000 1.713360e-01
922.5000 1.731350e-01
922.6000 1.745000e-01
922.7000 1.758620e-01
922.8000 1.772220e-01
922.9000 1.785590e-01
923.0000 1.798930e-01
923.1000 1.811560e-01
923.2000 1.824140e-01
923.3000 1.836680e-01
923.4000 1.849180e-01
923.5000 1.861640e-01
923.6000 1.873280e-01
923.7000 1.884680e-01
923.8000 1.896030e-01
923.9000 1.907530e-01
924.0000 1.918970e-01
924.1000 1.930680e-01
924.2000 1.942340e-01
924.3000 1.953930e-01
924.4000 1.965470e-01
924.5000 1.976760e-01
924.6000 1.989680e-01
924.7000 2.002760e-01
924.8000 2.015800e-01
924.9000 2.028790e-01
925.0000 2.041750e-01
925.1000 2.057460e-01
925.2000 2.073170e-01
925.3000 2.089070e-01
925.4000 2.104970e-01
925.5000 2.120860e-01
925.6000 2.135840e-01
925.7000 2.150810e-01
925.8000 2.165760e-01
925.9000 2.180510e-01
926.0000 2.195250e-01
926.1000 2.209700e-01
926.2000 2.224140e-01
926.3000 2.238580e-01
926.4000 2.253010e-01
926.5000 2.267450e-01
926.6000 2.283320e-01
926.7000 2.299010e-01
926.8000 2.314710e-01
926.9000 2.330620e-01
927.0000 2.346540e-01
927.1000 2.347260e-01
927.2000 2.347810e-01
927.3000 2.348210e-01
927.4000 2.348460e-01
927.5000 2.348350e-01
927.6000 2.343030e-01
927.7000 2.337680e-01
927.8000 2.332120e-01
927.9000 2.326360e-01
928.0000 2.320390e-01
928.1000 2.329150e-01
928.2000 2.337860e-01
928.3000 2.346330e-01
928.4000 2.354750e-01
928.5000 2.363300e-01
928.6000 2.369140e-01
928.7000 2.374900e-01
928.8000 2.380600e-01
928.9000 2.386030e-01
929.0000 2.391390e-01
929.1000 2.392030e-01
929.2000 2.392520e-01
929.3000 2.392880e-01
929.4000 2.393100e-01
929.5000 2.393160e-01
929.6000 2.383000e-01
929.7000 2.372420e-01
929.8000 2.361610e-01
929.9000 2.350720e-01
930.0000 2.339590e-01
930.1000 2.330690e-01
930.2000 2.321570e-01
930.3000 2.312230e-01
930.4000 2.302670e-01
930.5000 2.292740e-01
930.6000 2.283180e-01
930.7000 2.273570e-01
930.8000 2.263750e-01
930.9000 2.253740e-01
931.0000 2.243520e-01
931.1000 2.230380e-01
931.2000 2.217030e-01
931.3000 2.203330e-01
931.4000 2.189440e-01
931.5000 2.175510e-01
931.6000 2.141270e-01
931.7000 2.106670e-01
931.8000 2.071720e-01
931.9000 2.036430e-01
932.0000 2.000790e-01
932.1000 1.992110e-01
932.2000 1.983290e-01
932.3000 1.974460e-01
932.4000 1.965490e-01
932.5000 1.956390e-01
932.6000 1.967420e-01
932.7000 1.978340e-01
932.8000 1.989270e-01
932.9000 2.000330e-01
933.0000 2.011410e-01
933.1000 2.006270e-01
933.2000 2.001020e-01
933.3000 1.995670e-01
933.4000 1.990210e-01
933.5000 1.984540e-01
933.6000 1.944640e-01
933.7000 1.904510e-01
933.8000 1.864060e-01
933.9000 1.823270e-01
934.0000 1.782150e-01
934.1000 1.770680e-01
934.2000 1.759080e-01
934.3000 1.747260e-01
934.4000 1.735330e-01
934.5000 1.723370e-01
934.6000 1.784520e-01
934.7000 1.846020e-01
934.8000 1.907880e-01
934.9000 1.970080e-01
935.0000 2.032640e-01
935.1000 2.056890e-01
935.2000 2.081260e-01
935.3000 2.102730e-01
935.4000 2.124280e-01
935.5000 2.144720e-01
935.6000 2.130400e-01
935.7000 2.116050e-01
935.8000 2.101640e-01
935.9000 2.087190e-01
936.0000 2.072690e-01
936.1000 2.082820e-01
936.2000 2.092970e-01
936.3000 2.103120e-01
936.4000 2.113290e-01
936.5000 2.123460e-01
936.6000 2.114600e-01
936.7000 2.105710e-01
936.8000 2.096780e-01
936.9000 2.087830e-01
937.0000 2.078840e-01
937.1000 2.103030e-01
937.2000 2.127260e-01
937.3000 2.151540e-01
937.4000 2.175850e-01
937.5000 2.200200e-01
937.6000 2.211040e-01
937.7000 2.220840e-01
937.8000 2.230640e-01
937.9000 2.237040e-01
938.0000 2.243420e-01
938.1000 2.251520e-01
938.2000 2.259590e-01
938.3000 2.267650e-01
938.4000 2.275700e-01
938.5000 2.283730e-01
938.6000 2.343450e-01
938.7000 2.403040e-01
938.8000 2.462520e-01
938.9000 2.521890e-01
939.0000 2.581170e-01
939.1000 2.642480e-01
939.2000 2.703670e-01
939.3000 2.764750e-01
939.4000 2.825740e-01
939.5000 2.886650e-01
939.6000 2.874510e-01
939.7000 2.862460e-01
939.8000 2.850480e-01
939.9000 2.838590e-01
940.0000 2.826790e-01
940.1000 2.790720e-01
940.2000 2.754750e-01
940.3000 2.718890e-01
940.4000 2.683120e-01
940.5000 2.647440e-01
940.6000 2.643880e-01
940.7000 2.640360e-01
940.8000 2.636890e-01
940.9000 2.633440e-01
941.0000 2.630020e-01
941.1000 2.647580e-01
941.2000 2.665120e-01
941.3000 2.682630e-01
941.4000 2.700100e-01
941.5000 2.717530e-01
941.6000 2.711370e-01
941.7000 2.705210e-01
941.8000 2.699070e-01
941.9000 2.692930e-01
942.0000 2.686800e-01
942.1000 2.633610e-01
942.2000 2.580500e-01
942.3000 2.527480e-01
942.4000 2.474550e-01
942.5000 2.421700e-01
942.6000 2.381980e-01
942.7000 2.342330e-01
942.8000 2.302740e-01
942.9000 2.263210e-01
943.0000 2.223740e-01
943.1000 2.251960e-01
943.2000 2.280140e-01
943.3000 2.308290e-01
943.4000 2.336410e-01
943.5000 2.364490e-01
943.6000 2.338640e-01
943.7000 2.312790e-01
943.8000 2.286970e-01
943.9000 2.261180e-01
944.0000 2.235410e-01
944.1000 2.212180e-01
944.2000 2.188990e-01
944.3000 2.165840e-01
944.4000 2.142740e-01
944.5000 2.119690e-01
944.6000 2.173960e-01
944.7000 2.228190e-01
944.8000 2.282380e-01
944.9000 2.336530e-01
945.0000 2.390640e-01
945.1000 2.398740e-01
945.2000 2.406870e-01
945.3000 2.415010e-01
945.4000 2.423160e-01
945.5000 2.431340e-01
945.6000 2.398400e-01
945.7000 2.365520e-01
945.8000 2.332680e-01
945.9000 2.299890e-01
946.0000 2.267140e-01
946.1000 2.278130e-01
946.2000 2.289100e-01
946.3000 2.300070e-01
946.4000 2.311010e-01
946.5000 2.321920e-01
946.6000 2.352250e-01
946.7000 2.382550e-01
946.8000 2.412820e-01
946.9000 2.443050e-01
947.0000 2.473250e-01
947.1000 2.467280e-01
947.2000 2.461320e-01
947.3000 2.455360e-01
947.4000 2.449410e-01
947.5000 2.443470e-01
947.6000 2.399560e-01
947.7000 2.355710e-01
947.8000 2.311940e-01
947.9000 2.268220e-01
948.0000 2.224570e-01
948.1000 2.241550e-01
948.2000 2.258500e-01
948.3000 2.275440e-01
948.4000 2.292370e-01
948.5000 2.309270e-01
948.6000 2.369220e-01
948.7000 2.429110e-01
948.8000 2.488960e-01
948.9000 2.548760e-01
949.0000 2.608500e-01
949.1000 2.574650e-01
949.2000 2.540840e-01
949.3000 2.507060e-01
949.4000 2.473310e-01
949.5000 2.439600e-01
949.6000 2.392090e-01
949.7000 2.344620e-01
949.8000 2.297200e-01
949.9000 2.249830e-01
950.0000 2.202500e-01
950.1000 2.234700e-01
950.2000 2.266840e-01
950.3000 2.298940e-01
950.4000 2.330990e-01
950.5000 2.362990e-01
950.6000 2.421140e-01
950.7000 2.479210e-01
950.8000 2.537190e-01
950.9000 2.595090e-01
951.0000 2.652910e-01
951.1000 2.642400e-01
951.2000 2.631900e-01
951.3000 2.621420e-01
951.4000 2.610940e-01
951.5000 2.600480e-01
951.6000 2.534750e-01
951.7000 2.469120e-01
951.8000 2.403580e-01
951.9000 2.338140e-01
952.0000 2.272800e-01
952.1000 2.254860e-01
952.2000 2.236950e-01
952.3000 2.219070e-01
952.4000 2.201210e-01
952.5000 2.183370e-01
952.6000 2.216550e-01
952.7000 2.249670e-01
952.8000 2.282740e-01
952.9000 2.315760e-01
953.0000 2.348720e-01
953.1000 2.368750e-01
953.2000 2.388740e-01
953.3000 2.408700e-01
953.4000 2.428630e-01
953.5000 2.448520e-01
953.6000 2.452360e-01
953.7000 2.456200e-01
953.8000 2.460040e-01
953.9000 2.463860e-01
954.0000 2.467670e-01
954.1000 2.458500e-01
954.2000 2.449330e-01
954.3000 2.440170e-01
954.4000 2.431010e-01
954.5000 2.421850e-01
954.6000 2.424140e-01
954.7000 2.426420e-01
954.8000 2.428680e-01
954.9000 2.430930e-01
955.0000 2.433170e-01
955.1000 2.422300e-01
955.2000 2.411440e-01
955.3000 2.400580e-01
955.4000 2.389720e-01
955.5000 2.378860e-01
955.6000 2.367370e-01
955.7000 2.355880e-01
955.8000 2.344400e-01
955.9000 2.332930e-01
956.0000 2.321460e-01
956.1000 2.322660e-01
956.2000 2.323840e-01
956.3000 2.325020e-01
956.4000 2.326190e-01
956.5000 2.327360e-01
956.6000 2.331650e-01
956.7000 2.335930e-01
956.8000 2.340200e-01
956.9000 2.344460e-01
957.0000 2.348700e-01
957.1000 2.385110e-01
957.2000 2.421440e-01
957.3000 2.457710e-01
957.4000 2.493900e-01
957.5000 2.530020e-01
957.6000 2.531340e-01
957.7000 2.532660e-01
957.8000 2.533970e-01
957.9000 2.535280e-01
958.0000 2.536580e-01
958.1000 2.516600e-01
958.2000 2.496650e-01
958.3000 2.476730e-01
958.4000 2.456830e-01
958.5000 2.436970e-01
958.6000 2.418980e-01
958.7000 2.401010e-01
958.8000 2.383070e-01
958.9000 2.365160e-01
959.0000 2.347270e-01
959.1000 2.333380e-01
959.2000 2.319520e-01
959.3000 2.305670e-01
959.4000 2.291840e-01
959.5000 2.278020e-01
959.6000 2.295300e-01
959.7000 2.312530e-01
959.8000 2.329710e-01
959.9000 2.346850e-01
960.0000 2.363950e-01
960.1000 2.380490e-01
960.2000 2.396990e-01
960.3000 2.413440e-01
960.4000 2.429850e-01
960.5000 2.446230e-01
960.6000 2.456520e-01
960.7000 2.466790e-01
960.8000 2.477030e-01
960.9000 2.487240e-01
961.0000 2.497420e-01
961.1000 2.507660e-01
961.2000 2.517870e-01
961.3000 2.528050e-01
961.4000 2.538210e-01
961.5000 2.548340e-01
961.6000 2.533360e-01
961.7000 2.518400e-01
961.8000 2.503460e-01
961.9000 2.488550e-01
962.0000 2.473650e-01
962.1000 2.448270e-01
962.2000 2.422930e-01
962.3000 2.397620e-01
962.4000 2.372350e-01
962.5000 2.347120e-01
962.6000 2.364570e-01
962.7000 2.381980e-01
962.8000 2.399350e-01
962.9000 2.416680e-01
963.0000 2.433970e-01
963.1000 2.451090e-01
963.2000 2.468170e-01
963.3000 2.485210e-01
963.4000 2.502220e-01
963.5000 2.519190e-01
963.6000 2.510310e-01
963.7000 2.501460e-01
963.8000 2.492610e-01
963.9000 2.483780e-01
964.0000 2.474970e-01
964.1000 2.472510e-01
964.2000 2.470050e-01
964.3000 2.467590e-01
964.4000 2.465130e-01
964.5000 2.462660e-01
964.6000 2.468890e-01
964.7000 2.475090e-01
964.8000 2.481270e-01
964.9000 2.487410e-01
965.0000 2.493520e-01
965.1000 2.505540e-01
965.2000 2.517520e-01
965.3000 2.529470e-01
965.4000 2.541380e-01
965.5000 2.553250e-01
965.6000 2.540400e-01
965.7000 2.527560e-01
965.8000 2.514740e-01
965.9000 2.501930e-01
966.0000 2.489130e-01
966.1000 2.466470e-01
966.2000 2.443850e-01
966.3000 2.421280e-01
966.4000 2.398750e-01
966.5000 2.376270e-01
966.6000 2.383940e-01
966.7000 2.391590e-01
966.8000 2.399230e-01
966.9000 2.406840e-01
967.0000 2.414430e-01
967.1000 2.450450e-01
967.2000 2.486390e-01
967.3000 2.522250e-01
967.4000 2.558040e-01
967.5000 2.593750e-01
967.6000 2.604090e-01
967.7000 2.614400e-01
967.8000 2.624680e-01
967.9000 2.634940e-01
968.0000 2.645160e-01
968.1000 2.631340e-01
968.2000 2.617540e-01
968.3000 2.603760e-01
968.4000 2.590000e-01
968.5000 2.576270e-01
968.6000 2.580340e-01
968.7000 2.584390e-01
968.8000 2.588420e-01
968.9000 2.592430e-01
969.0000 2.596420e-01
969.1000 2.600840e-01
969.2000 2.605240e-01
969.3000 2.609630e-01
969.4000 2.613990e-01
969.5000 2.618340e-01
969.6000 2.610030e-01
969.7000 2.601730e-01
969.8000 2.593440e-01
969.9000 2.585150e-01
970.0000 2.576870e-01
970.1000 2.572080e-01
970.2000 2.567290e-01
970.3000 2.562500e-01
970.4000 2.557710e-01
970.5000 2.552920e-01
970.6000 2.556830e-01
970.7000 2.560730e-01
970.8000 2.564600e-01
970.9000 2.568470e-01
971.0000 2.572310e-01
971.1000 2.563610e-01
971.2000 2.554930e-01
971.3000 2.546260e-01
971.4000 2.537600e-01
971.5000 2.528950e-01
971.6000 2.523540e-01
971.7000 2.518130e-01
971.8000 2.512730e-01
971.9000 2.507320e-01
972.0000 2.501920e-01
972.1000 2.497470e-01
972.2000 2.493030e-01
972.3000 2.488580e-01
972.4000 2.484140e-01
972.5000 2.479690e-01
972.6000 2.469950e-01
972.7000 2.460220e-01
972.8000 2.450510e-01
972.9000 2.440820e-01
973.0000 2.431150e-01
973.1000 2.423980e-01
973.2000 2.416830e-01
973.3000 2.409690e-01
973.4000 2.402560e-01
973.5000 2.395440e-01
973.6000 2.390960e-01
973.7000 2.386470e-01
973.8000 2.381990e-01
973.9000 2.377520e-01
974.0000 2.373050e-01
974.1000 2.365850e-01
974.2000 2.358650e-01
974.3000 2.351470e-01
974.4000 2.344300e-01
974.5000 2.337140e-01
974.6000 2.329980e-01
974.7000 2.322840e-01
974.8000 2.315710e-01
974.9000 2.308580e-01
975.0000 2.301470e-01
975.1000 2.300470e-01
975.2000 2.299450e-01
975.3000 2.298440e-01
975.4000 2.297420e-01
975.5000 2.296390e-01
975.6000 2.291270e-01
975.7000 2.286150e-01
975.8000 2.281040e-01
975.9000 2.275930e-01
976.0000 2.270830e-01
976.1000 2.272870e-01
976.2000 2.274890e-01
976.3000 2.276900e-01
976.4000 2.278890e-01
976.5000 2.280870e-01
976.6000 2.291920e-01
976.7000 2.302920e-01
976.8000 2.313900e-01
976.9000 2.324830e-01
977.0000 2.335730e-01
977.1000 2.339170e-01
977.2000 2.342600e-01
977.3000 2.346010e-01
977.4000 2.349410e-01
977.5000 2.352790e-01
977.6000 2.344700e-01
977.7000 2.336620e-01
977.8000 2.328560e-01
977.9000 2.320510e-01
978.0000 2.312470e-01
978.1000 2.307190e-01
978.2000 2.301920e-01
978.3000 2.296650e-01
978.4000 2.291380e-01
978.5000 2.286110e-01
978.6000 2.282810e-01
978.7000 2.279520e-01
978.8000 2.276220e-01
978.9000 2.272910e-01
979.0000 2.269610e-01
979.1000 2.264680e-01
979.2000 2.259760e-01
979.3000 2.254840e-01
979.4000 2.249930e-01
979.5000 2.245030e-01
979.6000 2.245470e-01
979.7000 2.245900e-01
979.8000 2.246330e-01
979.9000 2.246750e-01
980.0000 2.247160e-01
980.1000 2.247450e-01
980.2000 2.247740e-01
980.3000 2.248010e-01
980.4000 2.248280e-01
980.5000 2.248530e-01
980.6000 2.257400e-01
980.7000 2.266230e-01
980.8000 2.275030e-01
980.9000 2.283790e-01
981.0000 2.292520e-01
981.1000 2.293430e-01
981.2000 2.294330e-01
981.3000 2.295220e-01
981.4000 2.296090e-01
981.5000 2.296950e-01
981.6000 2.291660e-01
981.7000 2.286370e-01
981.8000 2.281080e-01
981.9000 2.275800e-01
982.0000 2.270520e-01
982.1000 2.263840e-01
982.2000 2.257180e-01
982.3000 2.250530e-01
982.4000 2.243890e-01
982.5000 2.237260e-01
982.6000 2.233450e-01
982.7000 2.229630e-01
982.8000 2.225820e-01
982.9000 2.222010e-01
983.0000 2.218200e-01
983.1000 2.221450e-01
983.2000 2.224670e-01
983.3000 2.227880e-01
983.4000 2.231070e-01
983.5000 2.234240e-01
983.6000 2.235100e-01
983.7000 2.235960e-01
983.8000 2.236800e-01
983.9000 2.237630e-01
984.0000 2.238440e-01
984.1000 2.233520e-01
984.2000 2.228610e-01
984.3000 2.223680e-01
984.4000 2.218760e-01
984.5000 2.213820e-01
984.6000 2.208430e-01
984.7000 2.203030e-01
984.8000 2.197630e-01
984.9000 2.192230e-01
985.0000 2.186810e-01
985.1000 2.185970e-01
985.2000 2.185110e-01
985.3000 2.184230e-01
985.4000 2.183330e-01
985.5000 2.182420e-01
985.6000 2.182830e-01
985.7000 2.183220e-01
985.8000 2.183580e-01
985.9000 2.183930e-01
986.0000 2.184260e-01
986.1000 2.181540e-01
986.2000 2.178830e-01
986.3000 2.176110e-01
986.4000 2.173390e-01
986.5000 2.170670e-01
986.6000 2.166200e-01
986.7000 2.161730e-01
986.8000 2.157270e-01
986.9000 2.152810e-01
987.0000 2.148350e-01
987.1000 2.144460e-01
987.2000 2.140560e-01
987.3000 2.136670e-01
987.4000 2.132780e-01
987.5000 2.128900e-01
987.6000 2.126750e-01
987.7000 2.124590e-01
987.8000 2.122440e-01
987.9000 2.120280e-01
988.0000 2.118120e-01
988.1000 2.116610e-01
988.2000 2.115090e-01
988.3000 2.113570e-01
988.4000 2.112030e-01
988.5000 2.110490e-01
988.6000 2.107240e-01
988.7000 2.103980e-01
988.8000 2.100720e-01
988.9000 2.097460e-01
989.0000 2.094190e-01
989.1000 2.090180e-01
989.2000 2.086180e-01
989.3000 2.082170e-01
989.4000 2.078180e-01
989.5000 2.074190e-01
989.6000 2.069780e-01
989.7000 2.065390e-01
989.8000 2.061000e-01
989.9000 2.056620e-01
990.0000 2.052250e-01
990.1000 2.049310e-01
990.2000 2.046390e-01
990.3000 2.043460e-01
990.4000 2.040540e-01
990.5000 2.037630e-01
990.6000 2.035130e-01
990.7000 2.032640e-01
990.8000 2.030140e-01
990.9000 2.027650e-01
991.0000 2.025150e-01
991.1000 2.022090e-01
991.2000 2.019040e-01
991.3000 2.015970e-01
991.4000 2.012910e-01
991.5000 2.009850e-01
991.6000 2.007180e-01
991.7000 2.004520e-01
991.8000 2.001850e-01
991.9000 1.999180e-01
992.0000 1.996510e-01
992.1000 1.992920e-01
992.2000 1.989330e-01
992.3000 1.985730e-01
992.4000 1.982140e-01
992.5000 1.978550e-01
992.6000 1.974970e-01
992.7000 1.971380e-01
992.8000 1.967790e-01
992.9000 1.964210e-01
993.0000 1.960630e-01
993.1000 1.957770e-01
993.2000 1.954910e-01
993.3000 1.952050e-01
993.4000 1.949190e-01
993.5000 1.946320e-01
993.6000 1.943850e-01
993.7000 1.941370e-01
993.8000 1.938880e-01
993.9000 1.936400e-01
994.0000 1.933910e-01
994.1000 1.930820e-01
994.2000 1.927720e-01
994.3000 1.924630e-01
994.4000 1.921550e-01
994.5000 1.918460e-01
994.6000 1.915390e-01
994.7000 1.912310e-01
994.8000 1.909250e-01
994.9000 1.906180e-01
995.0000 1.903120e-01
995.1000 1.900050e-01
995.2000 1.896990e-01
995.3000 1.893930e-01
995.4000 1.890870e-01
995.5000 1.887810e-01
995.6000 1.884760e-01
995.7000 1.881710e-01
995.8000 1.878660e-01
995.9000 1.875620e-01
996.0000 1.872570e-01
996.1000 1.869360e-01
996.2000 1.866140e-01
996.3000 1.862920e-01
996.4000 1.859700e-01
996.5000 1.856480e-01
996.6000 1.853250e-01
996.7000 1.850030e-01
996.8000 1.846800e-01
996.9000 1.843570e-01
997.0000 1.840340e-01
997.1000 1.837180e-01
997.2000 1.834030e-01
997.3000 1.830880e-01
997.4000 1.827730e-01
997.5000 1.824580e-01
997.6000 1.821430e-01
997.7000 1.818290e-01
997.8000 1.815140e-01
997.9000 1.812000e-01
998.0000 1.808860e-01
998.1000 1.805810e-01
998.2000 1.802770e-01
998.3000 1.799730e-01
998.4000 1.796680e-01
998.5000 1.793640e-01
998.6000 1.790600e-01
998.7000 1.787550e-01
998.8000 1.784510e-01
998.9000 1.781470e-01
999.0000 1.778430e-01
999.1000 1.775240e-01
999.2000 1.772040e-01
999.3000 1.768850e-01
999.4000 1.765650e-01
999.5000 1.762440e-01
999.6000 1.759230e-01
999.7000 1.756020e-01
999.8000 1.752800e-01
999.9000 1.749580e-01
1000.0000 1.746350e-01
1000.1000 1.743720e-01
1000.2000 1.741080e-01
1000.3000 1.738440e-01
1000.4000 1.735790e-01
1000.5000 1.733140e-01
1000.6000 1.729790e-01
1000.7000 1.726430e-01
1000.8000 1.723070e-01
1000.9000 1.719710e-01
1001.0000 1.716350e-01
1001.1000 1.712590e-01
1001.2000 1.708830e-01
1001.3000 1.705080e-01
1001.4000 1.701330e-01
1001.5000 1.697580e-01
1001.6000 1.693840e-01
1001.7000 1.690090e-01
1001.8000 1.686360e-01
1001.9000 1.682620e-01
1002.0000 1.678880e-01
1002.1000 1.676110e-01
1002.2000 1.673330e-01
1002.3000 1.670560e-01
1002.4000 1.667780e-01
1002.5000 1.665000e-01
1002.6000 1.662890e-01
1002.7000 1.660780e-01
1002.8000 1.658660e-01
1002.9000 1.656540e-01
1003.0000 1.654420e-01
1003.1000 1.651230e-01
1003.2000 1.648050e-01
1003.3000 1.644860e-01
1003.4000 1.641670e-01
1003.5000 1.638490e-01
1003.6000 1.635310e-01
1003.7000 1.632120e-01
1003.8000 1.628940e-01
1003.9000 1.625760e-01
1004.0000 1.622580e-01
1004.1000 1.619550e-01
1004.2000 1.616510e-01
1004.3000 1.613470e-01
1004.4000 1.610430e-01
1004.5000 1.607390e-01
1004.6000 1.604350e-01
1004.7000 1.601300e-01
1004.8000 1.598250e-01
1004.9000 1.595190e-01
1005.0000 1.592140e-01
1005.1000 1.588990e-01
1005.2000 1.585850e-01
1005.3000 1.582700e-01
1005.4000 1.579550e-01
1005.5000 1.576390e-01
1005.6000 1.573230e-01
1005.7000 1.570060e-01
1005.8000 1.566900e-01
1005.9000 1.563730e-01
1006.0000 1.560550e-01
1006.1000 1.557580e-01
1006.2000 1.554600e-01
1006.3000 1.551620e-01
1006.4000 1.548650e-01
1006.5000 1.545670e-01
1006.6000 1.543010e-01
1006.7000 1.540340e-01
1006.8000 1.537670e-01
1006.9000 1.535010e-01
1007.0000 1.532340e-01
1007.1000 1.529150e-01
1007.2000 1.525950e-01
1007.3000 1.522760e-01
1007.4000 1.519570e-01
1007.5000 1.516380e-01
1007.6000 1.513500e-01
1007.7000 1.510620e-01
1007.8000 1.507740e-01
1007.9000 1.504860e-01
1008.0000 1.501980e-01
1008.1000 1.498500e-01
1008.2000 1.495010e-01
1008.3000 1.491530e-01
1008.4000 1.488040e-01
1008.5000 1.484560e-01
1008.6000 1.481070e-01
1008.7000 1.477580e-01
1008.8000 1.474090e-01
1008.9000 1.470600e-01
1009.0000 1.467120e-01
1009.1000 1.463740e-01
1009.2000 1.460370e-01
1009.3000 1.457010e-01
1009.4000 1.453650e-01
1009.5000 1.450300e-01
1009.6000 1.447540e-01
1009.7000 1.444790e-01
1009.8000 1.442050e-01
1009.9000 1.439310e-01
1010.0000 1.436580e-01
1010.1000 1.434440e-01
1010.2000 1.432300e-01
1010.3000 1.430160e-01
1010.4000 1.428030e-01
1010.5000 1.425900e-01
1010.6000 1.423490e-01
1010.7000 1.421080e-01
1010.8000 1.418670e-01
1010.9000 1.416270e-01
1011.0000 1.413860e-01
1011.1000 1.410940e-01
1011.2000 1.408020e-01
1011.3000 1.405100e-01
1011.4000 1.402180e-01
1011.5000 1.399260e-01
1011.6000 1.396040e-01
1011.7000 1.392830e-01
1011.8000 1.389610e-01
1011.9000 1.386400e-01
1012.0000 1.383190e-01
1012.1000 1.380330e-01
1012.2000 1.377470e-01
1012.3000 1.374600e-01
1012.4000 1.371740e-01
1012.5000 1.368880e-01
1012.6000 1.366300e-01
1012.7000 1.363720e-01
1012.8000 1.361130e-01
1012.9000 1.358550e-01
1013.0000 1.355960e-01
1013.1000 1.353200e-01
1013.2000 1.350430e-01
1013.3000 1.347660e-01
1013.4000 1.344890e-01
1013.5000 1.342120e-01
1013.6000 1.339360e-01
1013.7000 1.336590e-01
1013.8000 1.333820e-01
1013.9000 1.331050e-01
1014.0000 1.328280e-01
1014.1000 1.325390e-01
1014.2000 1.322500e-01
1014.3000 1.319600e-01
1014.4000 1.316700e-01
1014.5000 1.313800e-01
1014.6000 1.310890e-01
1014.7000 1.307980e-01
1014.8000 1.305070e-01
1014.9000 1.302160e-01
1015.0000 1.299240e-01
1015.1000 1.296550e-01
1015.2000 1.293860e-01
1015.3000 1.291170e-01
1015.4000 1.288470e-01
1015.5000 1.285770e-01
1015.6000 1.283070e-01
1015.7000 1.280360e-01
1015.8000 1.277660e-01
1015.9000 1.274950e-01
1016.0000 1.272240e-01
1016.1000 1.269430e-01
1016.2000 1.266610e-01
1016.3000 1.263800e-01
1016.4000 1.260980e-01
1016.5000 1.258170e-01
1016.6000 1.255360e-01
1016.7000 1.252550e-01
1016.8000 1.249730e-01
1016.9000 1.246920e-01
1017.0000 1.244110e-01
1017.1000 1.241240e-01
1017.2000 1.238380e-01
1017.3000 1.235510e-01
1017.4000 1.232640e-01
1017.5000 1.229780e-01
1017.6000 1.226910e-01
1017.7000 1.224040e-01
1017.8000 1.221180e-01
1017.9000 1.218310e-01
1018.0000 1.215450e-01
1018.1000 1.212720e-01
1018.2000 1.209990e-01
1018.3000 1.207270e-01
1018.4000 1.204540e-01
1018.5000 1.201810e-01
1018.6000 1.198840e-01
1018.7000 1.195870e-01
1018.8000 1.192900e-01
1018.9000 1.189940e-01
1019.0000 1.186970e-01
1019.1000 1.184410e-01
1019.2000 1.181850e-01
1019.3000 1.179280e-01
1019.4000 1.176720e-01
1019.5000 1.174160e-01
1019.6000 1.171830e-01
1019.7000 1.169500e-01
1019.8000 1.167160e-01
1019.9000 1.164830e-01
1020.0000 1.162500e-01
1020.1000 1.159750e-01
1020.2000 1.157000e-01
1020.3000 1.154260e-01
1020.4000 1.151510e-01
1020.5000 1.148770e-01
1020.6000 1.146020e-01
1020.7000 1.143280e-01
1020.8000 1.140530e-01
1020.9000 1.137790e-01
1021.0000 1.135040e-01
1021.1000 1.132410e-01
1021.2000 1.129780e-01
1021.3000 1.127150e-01
1021.4000 1.124510e-01
1021.5000 1.121880e-01
1021.6000 1.119250e-01
1021.7000 1.116610e-01
1021.8000 1.113980e-01
1021.9000 1.111340e-01
1022.0000 1.108710e-01
1022.1000 1.106110e-01
1022.2000 1.103510e-01
1022.3000 1.100910e-01
1022.4000 1.098310e-01
1022.5000 1.095710e-01
1022.6000 1.092880e-01
1022.7000 1.090060e-01
1022.8000 1.087240e-01
1022.9000 1.084420e-01
1023.0000 1.081610e-01
1023.1000 1.079040e-01
1023.2000 1.076470e-01
1023.3000 1.073890e-01
1023.4000 1.071320e-01
1023.5000 1.068750e-01
1023.6000 1.065970e-01
1023.7000 1.063190e-01
1023.8000 1.060400e-01
1023.9000 1.057620e-01
1024.0000 1.054850e-01
1024.1000 1.052580e-01
1024.2000 1.050300e-01
1024.3000 1.048030e-01
1024.4000 1.045750e-01
1024.5000 1.043470e-01
1024.6000 1.041190e-01
1024.7000 1.038900e-01
1024.8000 1.036610e-01
1024.9000 1.034310e-01
1025.0000 1.032020e-01
1025.1000 1.028430e-01
1025.2000 1.024840e-01
1025.3000 1.021250e-01
1025.4000 1.017650e-01
1025.5000 1.014060e-01
1025.6000 1.010460e-01
1025.7000 1.006860e-01
1025.8000 1.003260e-01
1025.9000 9.996600e-02
1026.0000 9.960570e-02
1026.1000 9.924930e-02
1026.2000 9.889280e-02
1026.3000 9.853640e-02
1026.4000 9.818010e-02
1026.5000 9.782380e-02
1026.6000 9.746780e-02
1026.7000 9.711180e-02
1026.8000 9.675580e-02
1026.9000 9.640000e-02
1027.0000 9.604430e-02
1027.1000 9.571380e-02
1027.2000 9.538340e-02
1027.3000 9.505300e-02
1027.4000 9.472260e-02
1027.5000 9.439230e-02
1027.6000 9.406210e-02
1027.7000 9.373180e-02
1027.8000 9.340160e-02
1027.9000 9.307140e-02
1028.0000 9.274110e-02
1028.1000 9.240440e-02
1028.2000 9.206780e-02
1028.3000 9.173110e-02
1028.4000 9.139440e-02
1028.5000 9.105760e-02
1028.6000 9.072060e-02
1028.7000 9.038330e-02
1028.8000 9.004580e-02
1028.9000 8.970840e-02
1029.0000 8.937100e-02
1029.1000 8.904830e-02
1029.2000 8.872570e-02
1029.3000 8.840330e-02
1029.4000 8.808130e-02
1029.5000 8.775960e-02
1029.6000 8.745590e-02
1029.7000 8.715260e-02
1029.8000 8.684960e-02
1029.9000 8.654690e-02
1030.0000 8.624450e-02
1030.1000 8.592520e-02
1030.2000 8.560630e-02
1030.3000 8.528790e-02
1030.4000 8.496990e-02
1030.5000 8.465230e-02
1030.6000 8.433500e-02
1030.7000 8.401810e-02
1030.8000 8.370130e-02
1030.9000 8.338480e-02
1031.0000 8.306840e-02
1031.1000 8.276630e-02
1031.2000 8.246420e-02
1031.3000 8.216210e-02
1031.4000 8.185980e-02
1031.5000 8.155730e-02
1031.6000 8.125440e-02
1031.7000 8.095150e-02
1031.8000 8.064850e-02
1031.9000 8.034540e-02
1032.0000 8.004240e-02
1032.1000 7.974450e-02
1032.2000 7.944650e-02
1032.3000 7.914850e-02
1032.4000 7.885060e-02
1032.5000 7.855260e-02
1032.6000 7.825480e-02
1032.7000 7.795690e-02
1032.8000 7.765910e-02
1032.9000 7.736130e-02
1033.0000 7.706350e-02
1033.1000 7.678120e-02
1033.2000 7.649880e-02
1033.3000 7.621630e-02
1033.4000 7.593390e-02
1033.5000 7.565130e-02
1033.6000 7.536880e-02
1033.7000 7.508620e-02
1033.8000 7.480360e-02
1033.9000 7.452090e-02
1034.0000 7.423800e-02
1034.1000 7.395120e-02
1034.2000 7.366420e-02
1034.3000 7.337710e-02
1034.4000 7.308980e-02
1034.5000 7.280230e-02
1034.6000 7.251470e-02
1034.7000 7.222680e-02
1034.8000 7.193880e-02
1034.9000 7.165070e-02
1035.0000 7.136230e-02
1035.1000 7.110440e-02
1035.2000 7.084620e-02
1035.3000 7.058770e-02
1035.4000 7.032890e-02
1035.5000 7.006990e-02
1035.6000 6.981060e-02
1035.7000 6.955120e-02
1035.8000 6.929150e-02
1035.9000 6.903150e-02
1036.0000 6.877140e-02
1036.1000 6.849090e-02
1036.2000 6.821050e-02
1036.3000 6.793010e-02
1036.4000 6.764980e-02
1036.5000 6.736970e-02
1036.6000 6.708970e-02
1036.7000 6.680990e-02
1036.8000 6.653010e-02
1036.9000 6.625030e-02
1037.0000 6.597070e-02
1037.1000 6.571090e-02
1037.2000 6.545110e-02
1037.3000 6.519120e-02
1037.4000 6.493130e-02
1037.5000 6.467130e-02
1037.6000 6.441130e-02
1037.7000 6.415130e-02
1037.8000 6.389130e-02
1037.9000 6.363120e-02
1038.0000 6.337110e-02
1038.1000 6.312010e-02
1038.2000 6.286900e-02
1038.3000 6.261790e-02
1038.4000 6.236690e-02
1038.5000 6.211580e-02
1038.6000 6.186470e-02
1038.7000 6.161350e-02
1038.8000 6.136240e-02
1038.9000 6.111130e-02
1039.0000 6.086010e-02
1039.1000 6.060200e-02
1039.2000 6.034390e-02
1039.3000 6.008580e-02
1039.4000 5.982780e-02
1039.5000 5.956990e-02
1039.6000 5.931200e-02
1039.7000 5.905410e-02
1039.8000 5.879630e-02
1039.9000 5.853850e-02
1040.0000 5.828080e-02
1040.1000 5.804440e-02
1040.2000 5.780800e-02
1040.3000 5.757160e-02
1040.4000 5.733510e-02
1040.5000 5.709860e-02
1040.6000 5.686200e-02
1040.7000 5.662540e-02
1040.8000 5.638880e-02
1040.9000 5.615210e-02
1041.0000 5.591540e-02
1041.1000 5.567930e-02
1041.2000 5.544320e-02
1041.3000 5.520710e-02
1041.4000 5.497080e-02
1041.5000 5.473460e-02
1041.6000 5.449830e-02
1041.7000 5.426200e-02
1041.8000 5.402560e-02
1041.9000 5.378920e-02
1042.0000 5.355270e-02
1042.1000 5.332330e-02
1042.2000 5.309400e-02
1042.3000 5.286460e-02
1042.4000 5.263530e-02
1042.5000 5.240590e-02
1042.6000 5.217660e-02
1042.7000 5.194720e-02
1042.8000 5.171780e-02
1042.9000 5.148840e-02
1043.0000 5.125910e-02
1043.1000 5.102920e-02
1043.2000 5.079930e-02
1043.3000 5.056950e-02
1043.4000 5.033960e-02
1043.5000 5.010980e-02
1043.6000 4.988000e-02
1043.7000 4.965020e-02
1043.8000 4.942050e-02
1043.9000 4.919070e-02
1044.0000 4.896100e-02
1044.1000 4.874080e-02
1044.2000 4.852050e-02
1044.3000 4.830030e-02
1044.4000 4.807990e-02
1044.5000 4.785960e-02
1044.6000 4.762950e-02
1044.7000 4.739950e-02
1044.8000 4.716950e-02
1044.9000 4.693960e-02
1045.0000 4.670960e-02
1045.1000 4.649700e-02
1045.2000 4.628420e-02
1045.3000 4.607130e-02
1045.4000 4.585820e-02
1045.5000 4.564490e-02
1045.6000 4.543150e-02
1045.7000 4.521790e-02
1045.8000 4.500410e-02
1045.9000 4.479030e-02
1046.0000 4.457630e-02
1046.1000 4.436390e-02
1046.2000 4.415160e-02
1046.3000 4.393930e-02
1046.4000 4.372710e-02
1046.5000 4.351500e-02
1046.6000 4.330290e-02
1046.7000 4.309090e-02
1046.8000 4.287900e-02
1046.9000 4.266720e-02
1047.0000 4.245540e-02
1047.1000 4.225770e-02
1047.2000 4.205990e-02
1047.3000 4.186220e-02
1047.4000 4.166450e-02
1047.5000 4.146680e-02
1047.6000 4.126910e-02
1047.7000 4.107140e-02
1047.8000 4.087370e-02
1047.9000 4.067600e-02
1048.0000 4.047830e-02
1048.1000 4.027920e-02
1048.2000 4.008020e-02
1048.3000 3.988110e-02
1048.4000 3.968200e-02
1048.5000 3.948280e-02
1048.6000 3.927560e-02
1048.7000 3.906830e-02
1048.8000 3.886110e-02
1048.9000 3.865400e-02
1049.0000 3.844680e-02
1049.1000 3.825630e-02
1049.2000 3.806580e-02
1049.3000 3.787530e-02
1049.4000 3.768490e-02
1049.5000 3.749450e-02
1049.6000 3.730430e-02
1049.7000 3.711410e-02
1049.8000 3.692400e-02
1049.9000 3.673400e-02
1050.0000 3.654410e-02
1050.1000 3.636120e-02
1050.2000 3.617840e-02
1050.3000 3.599560e-02
1050.4000 3.581300e-02
1050.5000 3.563050e-02
1050.6000 3.544800e-02
1050.7000 3.526560e-02
1050.8000 3.508330e-02
1050.9000 3.490100e-02
1051.0000 3.471880e-02
1051.1000 3.453540e-02
1051.2000 3.435200e-02
1051.3000 3.416870e-02
1051.4000 3.398530e-02
1051.5000 3.380180e-02
1051.6000 3.361840e-02
1051.7000 3.343490e-02
1051.8000 3.325140e-02
1051.9000 3.306790e-02
1052.0000 3.288440e-02
1052.1000 3.270710e-02
1052.2000 3.252990e-02
1052.3000 3.235280e-02
1052.4000 3.217570e-02
1052.5000 3.199870e-02
1052.6000 3.182810e-02
1052.7000 3.165750e-02
1052.8000 3.148690e-02
1052.9000 3.131630e-02
1053.0000 3.114570e-02
1053.1000 3.097910e-02
1053.2000 3.081260e-02
1053.3000 3.064610e-02
1053.4000 3.047950e-02
1053.5000 3.031300e-02
1053.6000 3.014650e-02
1053.7000 2.997990e-02
1053.8000 2.981340e-02
1053.9000 2.964690e-02
1054.0000 2.948030e-02
1054.1000 2.931550e-02
1054.2000 2.915070e-02
1054.3000 2.898590e-02
1054.4000 2.882120e-02
1054.5000 2.865660e-02
1054.6000 2.849770e-02
1054.7000 2.833890e-02
1054.8000 2.818000e-02
1054.9000 2.802110e-02
1055.0000 2.786210e-02
1055.1000 2.770640e-02
1055.2000 2.755060e-02
1055.3000 2.739480e-02
1055.4000 2.723910e-02
1055.5000 2.708340e-02
1055.6000 2.692220e-02
1055.7000 2.676110e-02
1055.8000 2.660010e-02
1055.9000 2.643910e-02
1056.0000 2.627830e-02
1056.1000 2.612890e-02
1056.2000 2.597950e-02
1056.3000 2.583010e-02
1056.4000 2.568070e-02
1056.5000 2.553130e-02
1056.6000 2.537680e-02
1056.7000 2.522240e-02
1056.8000 2.506800e-02
1056.9000 2.491370e-02
1057.0000 2.475950e-02
1057.1000 2.461970e-02
1057.2000 2.447980e-02
1057.3000 2.434000e-02
1057.4000 2.420010e-02
1057.5000 2.406010e-02
1057.6000 2.391530e-02
1057.7000 2.377050e-02
1057.8000 2.362570e-02
1057.9000 2.348090e-02
1058.0000 2.333620e-02
1058.1000 2.319920e-02
1058.2000 2.306220e-02
1058.3000 2.292520e-02
1058.4000 2.278820e-02
1058.5000 2.265120e-02
1058.6000 2.251420e-02
1058.7000 2.237720e-02
1058.8000 2.224010e-02
1058.9000 2.210310e-02
1059.0000 2.196610e-02
1059.1000 2.183870e-02
1059.2000 2.171140e-02
1059.3000 2.158410e-02
1059.4000 2.145680e-02
1059.5000 2.132950e-02
1059.6000 2.120650e-02
1059.7000 2.108350e-02
1059.8000 2.096050e-02
1059.9000 2.083740e-02
1060.0000 2.071430e-02
1060.1000 2.058860e-02
1060.2000 2.046290e-02
1060.3000 2.033710e-02
1060.4000 2.021140e-02
1060.5000 2.008570e-02
1060.6000 1.995590e-02
1060.7000 1.982610e-02
1060.8000 1.969640e-02
1060.9000 1.956680e-02
1061.0000 1.943720e-02
1061.1000 1.931710e-02
1061.2000 1.919700e-02
1061.3000 1.907690e-02
1061.4000 1.895680e-02
1061.5000 1.883680e-02
1061.6000 1.871670e-02
1061.7000 1.859660e-02
1061.8000 1.847650e-02
1061.9000 1.835640e-02
1062.0000 1.823630e-02
1062.1000 1.812500e-02
1062.2000 1.801360e-02
1062.3000 1.790240e-02
1062.4000 1.779110e-02
1062.5000 1.767990e-02
1062.6000 1.757230e-02
1062.7000 1.746460e-02
1062.8000 1.735700e-02
1062.9000 1.724930e-02
1063.0000 1.714170e-02
1063.1000 1.703430e-02
1063.2000 1.692680e-02
1063.3000 1.681940e-02
1063.4000 1.671200e-02
1063.5000 1.660450e-02
1063.6000 1.649370e-02
1063.7000 1.638290e-02
1063.8000 1.627210e-02
1063.9000 1.616130e-02
1064.0000 1.605060e-02
1064.1000 1.595400e-02
1064.2000 1.585730e-02
1064.3000 1.576070e-02
1064.4000 1.566400e-02
1064.5000 1.556740e-02
1064.6000 1.547070e-02
1064.7000 1.537400e-02
1064.8000 1.527740e-02
1064.9000 1.518070e-02
1065.0000 1.508400e-02
1065.1000 1.498730e-02
1065.2000 1.489060e-02
1065.3000 1.479390e-02
1065.4000 1.469720e-02
1065.5000 1.460050e-02
1065.6000 1.450370e-02
1065.7000 1.440700e-02
1065.8000 1.431030e-02
1065.9000 1.421350e-02
1066.0000 1.411680e-02
1066.1000 1.403160e-02
1066.2000 1.394650e-02
1066.3000 1.386130e-02
1066.4000 1.377620e-02
1066.5000 1.369100e-02
1066.6000 1.360580e-02
1066.7000 1.352060e-02
1066.8000 1.343540e-02
1066.9000 1.335020e-02
1067.0000 1.326500e-02
1067.1000 1.318010e-02
1067.2000 1.309520e-02
1067.3000 1.301030e-02
1067.4000 1.292540e-02
1067.5000 1.284050e-02
1067.6000 1.275560e-02
1067.7000 1.267060e-02
1067.8000 1.258570e-02
1067.9000 1.250070e-02
1068.0000 1.241570e-02
1068.1000 1.234390e-02
1068.2000 1.227200e-02
1068.3000 1.220010e-02
1068.4000 1.212820e-02
1068.5000 1.205620e-02
1068.6000 1.198420e-02
1068.7000 1.191220e-02
1068.8000 1.184010e-02
1068.9000 1.176810e-02
1069.0000 1.169600e-02
1069.1000 1.162830e-02
1069.2000 1.156060e-02
1069.3000 1.149290e-02
1069.4000 1.142520e-02
1069.5000 1.135750e-02
1069.6000 1.129200e-02
1069.7000 1.122650e-02
1069.8000 1.116100e-02
1069.9000 1.109540e-02
1070.0000 1.102980e-02
1070.1000 1.096220e-02
1070.2000 1.089450e-02
1070.3000 1.082690e-02
1070.4000 1.075920e-02
1070.5000 1.069150e-02
1070.6000 1.062370e-02
1070.7000 1.055600e-02
1070.8000 1.048820e-02
1070.9000 1.042050e-02
1071.0000 1.035270e-02
1071.1000 1.029560e-02
1071.2000 1.023840e-02
1071.3000 1.018130e-02
1071.4000 1.012420e-02
1071.5000 1.006700e-02
1071.6000 1.000990e-02
1071.7000 9.952720e-03
1071.8000 9.895570e-03
1071.9000 9.838410e-03
1072.0000 9.781240e-03
1072.1000 9.729600e-03
1072.2000 9.677950e-03
1072.3000 9.626300e-03
1072.4000 9.574650e-03
1072.5000 9.522990e-03
1072.6000 9.473260e-03
1072.7000 9.423500e-03
1072.8000 9.373720e-03
1072.9000 9.323910e-03
1073.0000 9.274090e-03
1073.1000 9.225120e-03
1073.2000 9.176120e-03
1073.3000 9.127090e-03
1073.4000 9.078020e-03
1073.5000 9.028920e-03
1073.6000 8.977980e-03
1073.7000 8.927020e-03
1073.8000 8.876060e-03
1073.9000 8.825080e-03
1074.0000 8.774090e-03
1074.1000 8.722330e-03
1074.2000 8.670620e-03
1074.3000 8.618980e-03
1074.4000 8.567390e-03
1074.5000 8.515870e-03
1074.6000 8.471270e-03
1074.7000 8.426660e-03
1074.8000 8.382040e-03
1074.9000 8.337390e-03
1075.0000 8.292740e-03
1075.1000 8.251600e-03
1075.2000 8.210400e-03
1075.3000 8.169150e-03
1075.4000 8.127850e-03
1075.5000 8.086490e-03
1075.6000 8.041820e-03
1075.7000 7.997140e-03
1075.8000 7.952440e-03
1075.9000 7.907720e-03
1076.0000 7.862990e-03
1076.1000 7.818280e-03
1076.2000 7.773550e-03
1076.3000 7.728800e-03
1076.4000 7.684040e-03
1076.5000 7.639250e-03
1076.6000 7.589860e-03
1076.7000 7.540490e-03
1076.8000 7.491170e-03
1076.9000 7.441870e-03
1077.0000 7.392620e-03
1077.1000 7.347190e-03
1077.2000 7.301820e-03
1077.3000 7.256500e-03
1077.4000 7.211240e-03
1077.5000 7.166040e-03
1077.6000 7.128120e-03
1077.7000 7.090180e-03
1077.8000 7.052200e-03
1077.9000 7.014210e-03
1078.0000 6.976180e-03
1078.1000 6.934450e-03
1078.2000 6.892670e-03
1078.3000 6.850820e-03
1078.4000 6.808920e-03
1078.5000 6.766960e-03
1078.6000 6.722230e-03
1078.7000 6.677490e-03
1078.8000 6.632730e-03
1078.9000 6.587950e-03
1079.0000 6.543140e-03
1079.1000 6.503660e-03
1079.2000 6.464170e-03
1079.3000 6.424650e-03
1079.4000 6.385110e-03
1079.5000 6.345540e-03
1079.6000 6.300860e-03
1079.7000 6.256220e-03
1079.8000 6.211620e-03
1079.9000 6.167060e-03
1080.0000 6.122540e-03
1080.1000 6.078220e-03
1080.2000 6.033930e-03
1080.3000 5.989690e-03
1080.4000 5.945490e-03
1080.5000 5.901330e-03
1080.6000 5.861980e-03
1080.7000 5.822610e-03
1080.8000 5.783210e-03
1080.9000 5.743800e-03
1081.0000 5.704370e-03
1081.1000 5.669310e-03
1081.2000 5.634250e-03
1081.3000 5.599190e-03
1081.4000 5.564140e-03
1081.5000 5.529100e-03
1081.6000 5.497410e-03
1081.7000 5.465680e-03
1081.8000 5.433910e-03
1081.9000 5.402100e-03
1082.0000 5.370250e-03
1082.1000 5.338210e-03
1082.2000 5.306140e-03
1082.3000 5.274040e-03
1082.4000 5.241900e-03
1082.5000 5.209730e-03
1082.6000 5.171250e-03
1082.7000 5.132820e-03
1082.8000 5.094450e-03
1082.9000 5.056120e-03
1083.0000 5.017850e-03
1083.1000 4.973190e-03
1083.2000 4.928590e-03
1083.3000 4.884080e-03
1083.4000 4.839630e-03
1083.5000 4.795250e-03
1083.6000 4.757720e-03
1083.7000 4.720130e-03
1083.8000 4.682500e-03
1083.9000 4.644820e-03
1084.0000 4.607090e-03
1084.1000 4.580890e-03
1084.2000 4.554660e-03
1084.3000 4.528390e-03
1084.4000 4.502100e-03
1084.5000 4.475790e-03
1084.6000 4.445840e-03
1084.7000 4.415920e-03
1084.8000 4.386020e-03
1084.9000 4.356150e-03
1085.0000 4.326300e-03
1085.1000 4.287680e-03
1085.2000 4.249130e-03
1085.3000 4.210650e-03
1085.4000 4.172250e-03
1085.5000 4.133930e-03
1085.6000 4.090670e-03
1085.7000 4.047570e-03
1085.8000 4.004620e-03
1085.9000 3.961830e-03
1086.0000 3.919180e-03
1086.1000 3.889240e-03
1086.2000 3.859310e-03
1086.3000 3.829410e-03
1086.4000 3.799530e-03
1086.5000 3.769670e-03
1086.6000 3.749090e-03
1086.7000 3.728400e-03
1086.8000 3.707580e-03
1086.9000 3.686650e-03
1087.0000 3.665600e-03
1087.1000 3.643860e-03
1087.2000 3.622000e-03
1087.3000 3.600040e-03
1087.4000 3.577970e-03
1087.5000 3.555790e-03
1087.6000 3.529220e-03
1087.7000 3.502620e-03
1087.8000 3.475970e-03
1087.9000 3.449290e-03
1088.0000 3.422560e-03
1088.1000 3.391700e-03
1088.2000 3.360860e-03
1088.3000 3.330050e-03
1088.4000 3.299280e-03
1088.5000 3.268540e-03
1088.6000 3.235860e-03
1088.7000 3.203250e-03
1088.8000 3.170700e-03
1088.9000 3.138230e-03
1089.0000 3.105810e-03
1089.1000 3.075230e-03
1089.2000 3.044690e-03
1089.3000 3.014170e-03
1089.4000 2.983690e-03
1089.5000 2.953250e-03
1089.6000 2.923430e-03
1089.7000 2.893640e-03
1089.8000 2.863870e-03
1089.9000 2.834130e-03
1090.0000 2.804400e-03
1090.1000 2.779620e-03
1090.2000 2.754870e-03
1090.3000 2.730150e-03
1090.4000 2.705460e-03
1090.5000 2.680800e-03
1090.6000 2.662180e-03
1090.7000 2.643480e-03
1090.8000 2.624710e-03
1090.9000 2.605870e-03
1091.0000 2.586960e-03
1091.1000 2.566640e-03
1091.2000 2.546270e-03
1091.3000 2.525860e-03
1091.4000 2.505400e-03
1091.5000 2.484890e-03
1091.6000 2.455850e-03
1091.7000 2.426920e-03
1091.8000 2.398100e-03
1091.9000 2.369400e-03
1092.0000 2.340800e-03
1092.1000 2.312650e-03
1092.2000 2.284610e-03
1092.3000 2.256670e-03
1092.4000 2.228830e-03
1092.5000 2.201100e-03
1092.6000 2.180710e-03
1092.7000 2.160270e-03
1092.8000 2.139790e-03
1092.9000 2.119260e-03
1093.0000 2.098680e-03
1093.1000 2.080520e-03
1093.2000 2.062260e-03
1093.3000 2.043900e-03
1093.4000 2.025440e-03
1093.5000 2.006890e-03
1093.6000 1.984180e-03
1093.7000 1.961470e-03
1093.8000 1.938750e-03
1093.9000 1.916030e-03
1094.0000 1.893300e-03
1094.1000 1.872610e-03
1094.2000 1.851990e-03
1094.3000 1.831420e-03
1094.4000 1.810930e-03
1094.5000 1.790490e-03
1094.6000 1.773410e-03
1094.7000 1.756330e-03
1094.8000 1.739260e-03
1094.9000 1.722180e-03
1095.0000 1.705100e-03
1095.1000 1.687830e-03
1095.2000 1.670560e-03
1095.3000 1.653300e-03
1095.4000 1.636040e-03
1095.5000 1.618790e-03
1095.6000 1.600220e-03
1095.7000 1.581680e-03
1095.8000 1.563170e-03
1095.9000 1.544690e-03
1096.0000 1.526250e-03
1096.1000 1.511820e-03
1096.2000 1.497340e-03
1096.3000 1.482800e-03
1096.4000 1.468200e-03
1096.5000 1.453540e-03
1096.6000 1.438530e-03
1096.7000 1.423480e-03
1096.8000 1.408370e-03
1096.9000 1.393210e-03
1097.0000 1.378000e-03
1097.1000 1.358100e-03
1097.2000 1.338260e-03
1097.3000 1.318490e-03
1097.4000 1.298790e-03
1097.5000 1.279150e-03
1097.6000 1.260370e-03
1097.7000 1.241630e-03
1097.8000 1.222940e-03
1097.9000 1.204300e-03
1098.0000 1.185710e-03
1098.1000 1.173920e-03
1098.2000 1.162130e-03
1098.3000 1.150360e-03
1098.4000 1.138600e-03
1098.5000 1.221280e-03
1098.6000 1.268490e-03
1098.7000 1.283140e-03
1098.8000 1.267620e-03
1098.9000 1.225340e-03
