# LSST/LSST.i from the SVO Filter Profile Service, 2026-09-28
# wavelength[nm] throughput
676.0000 8.017680e-13
676.1000 9.380120e-04
676.2000 1.876400e-03
676.3000 2.815170e-03
676.4000 3.754320e-03
676.5000 4.669140e-03
676.6000 5.583160e-03
676.7000 6.521870e-03
676.8000 7.460550e-03
676.9000 8.399230e-03
677.0000 9.337880e-03
677.1000 1.027670e-02
677.2000 1.121560e-02
677.3000 1.212980e-02
677.4000 1.304400e-02
677.5000 1.398300e-02
677.6000 1.492510e-02
677.7000 1.586760e-02
677.8000 1.681050e-02
677.9000 1.775390e-02
678.0000 1.869770e-02
678.1000 1.961290e-02
678.2000 2.052820e-02
678.3000 2.146820e-02
678.4000 2.240830e-02
678.5000 2.334830e-02
678.6000 2.428840e-02
678.7000 2.522850e-02
678.8000 2.616860e-02
678.9000 2.708400e-02
679.0000 2.799940e-02
679.1000 2.893930e-02
679.2000 2.987920e-02
679.3000 3.081900e-02
679.4000 3.175890e-02
679.5000 3.269870e-02
679.6000 3.363860e-02
679.7000 3.455370e-02
679.8000 3.546880e-02
679.9000 3.640860e-02
680.0000 3.734840e-02
680.1000 3.829400e-02
680.2000 3.923980e-02
680.3000 4.018580e-02
680.4000 4.113220e-02
680.5000 4.205400e-02
680.6000 4.296710e-02
680.7000 4.390490e-02
680.8000 4.484250e-02
680.9000 4.578000e-02
681.0000 4.671730e-02
681.1000 4.859640e-02
681.2000 5.047530e-02
681.3000 5.232930e-02
681.4000 5.418330e-02
681.5000 5.606180e-02
681.6000 5.794020e-02
681.7000 5.979380e-02
681.8000 6.164730e-02
681.9000 6.352530e-02
682.0000 6.540330e-02
682.1000 6.725380e-02
682.2000 6.910400e-02
682.3000 7.097860e-02
682.4000 7.285310e-02
682.5000 7.470250e-02
682.6000 7.656770e-02
682.7000 7.845820e-02
682.8000 8.034920e-02
682.9000 8.221590e-02
683.0000 8.408320e-02
683.1000 8.595790e-02
683.2000 8.783240e-02
683.3000 8.968190e-02
683.4000 9.153110e-02
683.5000 9.340480e-02
683.6000 9.527830e-02
683.7000 9.712700e-02
683.8000 9.897540e-02
683.9000 1.008480e-01
684.0000 1.027210e-01
684.1000 1.045690e-01
684.2000 1.064170e-01
684.3000 1.082890e-01
684.4000 1.101600e-01
684.5000 1.120070e-01
684.6000 1.138530e-01
684.7000 1.157230e-01
684.8000 1.175930e-01
684.9000 1.194370e-01
685.0000 1.212810e-01
685.1000 1.231500e-01
685.2000 1.250180e-01
685.3000 1.268610e-01
685.4000 1.287030e-01
685.5000 1.305700e-01
685.6000 1.322970e-01
685.7000 1.339950e-01
685.8000 1.356890e-01
685.9000 1.374020e-01
686.0000 1.391120e-01
686.1000 1.396050e-01
686.2000 1.400620e-01
686.3000 1.404590e-01
686.4000 1.408200e-01
686.5000 1.411690e-01
686.6000 1.393260e-01
686.7000 1.373720e-01
686.8000 1.353290e-01
686.9000 1.332190e-01
687.0000 1.310200e-01
687.1000 1.307280e-01
687.2000 1.303940e-01
687.3000 1.300380e-01
687.4000 1.296390e-01
687.5000 1.291790e-01
687.6000 1.328050e-01
687.7000 1.364980e-01
687.8000 1.402400e-01
687.9000 1.440090e-01
688.0000 1.478260e-01
688.1000 1.513040e-01
688.2000 1.548210e-01
688.3000 1.583570e-01
688.4000 1.619320e-01
688.5000 1.655690e-01
688.6000 1.666780e-01
688.7000 1.677540e-01
688.8000 1.688200e-01
688.9000 1.698950e-01
689.0000 1.709600e-01
689.1000 1.725660e-01
689.2000 1.741710e-01
689.3000 1.757980e-01
689.4000 1.774250e-01
689.5000 1.790310e-01
689.6000 1.814620e-01
689.7000 1.839290e-01
689.8000 1.864110e-01
689.9000 1.888870e-01
690.0000 1.913770e-01
690.1000 1.937580e-01
690.2000 1.961520e-01
690.3000 1.985370e-01
690.4000 2.009330e-01
690.5000 2.033650e-01
690.6000 2.059040e-01
690.7000 2.084350e-01
690.8000 2.109790e-01
690.9000 2.135600e-01
691.0000 2.161560e-01
691.1000 2.185320e-01
691.2000 2.209200e-01
691.3000 2.232940e-01
691.4000 2.256780e-01
691.5000 2.280950e-01
691.6000 2.304710e-01
691.7000 2.328330e-01
691.8000 2.352030e-01
691.9000 2.376070e-01
692.0000 2.400200e-01
692.1000 2.423360e-01
692.2000 2.446590e-01
692.3000 2.470140e-01
692.4000 2.493770e-01
692.5000 2.517240e-01
692.6000 2.539680e-01
692.7000 2.562430e-01
692.8000 2.585250e-01
692.9000 2.607890e-01
693.0000 2.630590e-01
693.1000 2.650630e-01
693.2000 2.670690e-01
693.3000 2.690540e-01
693.4000 2.710410e-01
693.5000 2.730550e-01
693.6000 2.748950e-01
693.7000 2.767100e-01
693.8000 2.785260e-01
693.9000 2.803660e-01
694.0000 2.822060e-01
694.1000 2.840570e-01
694.2000 2.859100e-01
694.3000 2.877870e-01
694.4000 2.896640e-01
694.5000 2.915180e-01
694.6000 2.935610e-01
694.7000 2.956310e-01
694.8000 2.977040e-01
694.9000 2.997550e-01
695.0000 3.018090e-01
695.1000 3.037740e-01
695.2000 3.057410e-01
695.3000 3.076840e-01
695.4000 3.096290e-01
695.5000 3.116000e-01
695.6000 3.134400e-01
695.7000 3.152550e-01
695.8000 3.170690e-01
695.9000 3.189080e-01
696.0000 3.207470e-01
696.1000 3.229800e-01
696.2000 3.252170e-01
696.3000 3.274350e-01
696.4000 3.296560e-01
696.5000 3.319070e-01
696.6000 3.342320e-01
696.7000 3.365380e-01
696.8000 3.388480e-01
696.9000 3.411890e-01
697.0000 3.435350e-01
697.1000 3.454460e-01
697.2000 3.473580e-01
697.3000 3.492950e-01
697.4000 3.512330e-01
697.5000 3.531470e-01
697.6000 3.549130e-01
697.7000 3.567030e-01
697.8000 3.584920e-01
697.9000 3.602560e-01
698.0000 3.620190e-01
698.1000 3.636300e-01
698.2000 3.652390e-01
698.3000 3.668210e-01
698.4000 3.684000e-01
698.5000 3.700010e-01
698.6000 3.714430e-01
698.7000 3.728560e-01
698.8000 3.742650e-01
698.9000 3.756950e-01
699.0000 3.771210e-01
699.1000 3.789350e-01
699.2000 3.807480e-01
699.3000 3.825860e-01
699.4000 3.844240e-01
699.5000 3.862380e-01
699.6000 3.882150e-01
699.7000 3.902180e-01
699.8000 3.922230e-01
699.9000 3.942050e-01
700.0000 3.961880e-01
700.1000 3.980410e-01
700.2000 3.998940e-01
700.3000 4.017230e-01
700.4000 4.035520e-01
700.5000 4.054050e-01
700.6000 4.072580e-01
700.7000 4.090860e-01
700.8000 4.109150e-01
700.9000 4.127680e-01
701.0000 4.146210e-01
701.1000 4.164620e-01
701.2000 4.183040e-01
701.3000 4.201200e-01
701.4000 4.219370e-01
701.5000 4.237780e-01
701.6000 4.257090e-01
701.7000 4.273960e-01
701.8000 4.290830e-01
701.9000 4.300640e-01
702.0000 4.310440e-01
702.1000 4.319680e-01
702.2000 4.328920e-01
702.3000 4.338160e-01
702.4000 4.347390e-01
702.5000 4.356630e-01
702.6000 4.367710e-01
702.7000 4.378550e-01
702.8000 4.389390e-01
702.9000 4.400490e-01
703.0000 4.411600e-01
703.1000 4.424710e-01
703.2000 4.437840e-01
703.3000 4.450980e-01
703.4000 4.464140e-01
703.5000 4.477070e-01
703.6000 4.486260e-01
703.7000 4.495690e-01
703.8000 4.505120e-01
703.9000 4.514560e-01
704.0000 4.523990e-01
704.1000 4.533160e-01
704.2000 4.542320e-01
704.3000 4.551490e-01
704.4000 4.560650e-01
704.5000 4.569570e-01
704.6000 4.578480e-01
704.7000 4.587640e-01
704.8000 4.596800e-01
704.9000 4.605960e-01
705.0000 4.615120e-01
705.1000 4.624310e-01
705.2000 4.633490e-01
705.3000 4.635550e-01
705.4000 4.637610e-01
705.5000 4.637460e-01
705.6000 4.638280e-01
705.7000 4.639100e-01
705.8000 4.639920e-01
705.9000 4.640740e-01
706.0000 4.641560e-01
706.1000 4.642420e-01
706.2000 4.643270e-01
706.3000 4.644130e-01
706.4000 4.644990e-01
706.5000 4.645850e-01
706.6000 4.646710e-01
706.7000 4.647570e-01
706.8000 4.648430e-01
706.9000 4.649290e-01
707.0000 4.650150e-01
707.1000 4.649920e-01
707.2000 4.649700e-01
707.3000 4.649480e-01
707.4000 4.649260e-01
707.5000 4.649040e-01
707.6000 4.648820e-01
707.7000 4.648600e-01
707.8000 4.648370e-01
707.9000 4.648150e-01
708.0000 4.647930e-01
708.1000 4.648880e-01
708.2000 4.649820e-01
708.3000 4.650770e-01
708.4000 4.651720e-01
708.5000 4.652660e-01
708.6000 4.653610e-01
708.7000 4.654560e-01
708.8000 4.655500e-01
708.9000 4.656450e-01
709.0000 4.657390e-01
709.1000 4.657360e-01
709.2000 4.657320e-01
709.3000 4.657280e-01
709.4000 4.657250e-01
709.5000 4.657210e-01
709.6000 4.657170e-01
709.7000 4.657140e-01
709.8000 4.657100e-01
709.9000 4.657060e-01
710.0000 4.657030e-01
710.1000 4.656840e-01
710.2000 4.656650e-01
710.3000 4.656470e-01
710.4000 4.656280e-01
710.5000 4.656090e-01
710.6000 4.655910e-01
710.7000 4.655720e-01
710.8000 4.655540e-01
710.9000 4.655350e-01
711.0000 4.655160e-01
711.1000 4.656320e-01
711.2000 4.657470e-01
711.3000 4.658620e-01
711.4000 4.659780e-01
711.5000 4.660930e-01
711.6000 4.662090e-01
711.7000 4.663240e-01
711.8000 4.664390e-01
711.9000 4.665550e-01
712.0000 4.666700e-01
712.1000 4.665340e-01
712.2000 4.663970e-01
712.3000 4.662610e-01
712.4000 4.661240e-01
712.5000 4.659880e-01
712.6000 4.659480e-01
712.7000 4.659090e-01
712.8000 4.658700e-01
712.9000 4.658300e-01
713.0000 4.657910e-01
713.1000 4.657860e-01
713.2000 4.657820e-01
713.3000 4.657770e-01
713.4000 4.657730e-01
713.5000 4.657680e-01
713.6000 4.657640e-01
713.7000 4.657600e-01
713.8000 4.657570e-01
713.9000 4.657530e-01
714.0000 4.657500e-01
714.1000 4.656490e-01
714.2000 4.655480e-01
714.3000 4.654460e-01
714.4000 4.653440e-01
714.5000 4.652410e-01
714.6000 4.651370e-01
714.7000 4.650320e-01
714.8000 4.649260e-01
714.9000 4.648190e-01
715.0000 4.647110e-01
715.1000 4.645880e-01
715.2000 4.644630e-01
715.3000 4.643380e-01
715.4000 4.642120e-01
715.5000 4.640850e-01
715.6000 4.638600e-01
715.7000 4.636340e-01
715.8000 4.634080e-01
715.9000 4.631810e-01
716.0000 4.629540e-01
716.1000 4.620590e-01
716.2000 4.611650e-01
716.3000 4.602710e-01
716.4000 4.593760e-01
716.5000 4.584830e-01
716.6000 4.565250e-01
716.7000 4.545670e-01
716.8000 4.526090e-01
716.9000 4.506520e-01
717.0000 4.486940e-01
717.1000 4.468420e-01
717.2000 4.449910e-01
717.3000 4.431390e-01
717.4000 4.412870e-01
717.5000 4.394360e-01
717.6000 4.386490e-01
717.7000 4.378630e-01
717.8000 4.370760e-01
717.9000 4.362890e-01
718.0000 4.355030e-01
718.1000 4.341150e-01
718.2000 4.327280e-01
718.3000 4.313400e-01
718.4000 4.299530e-01
718.5000 4.285660e-01
718.6000 4.276630e-01
718.7000 4.267610e-01
718.8000 4.258580e-01
718.9000 4.249560e-01
719.0000 4.240540e-01
719.1000 4.241110e-01
719.2000 4.241680e-01
719.3000 4.242240e-01
719.4000 4.242810e-01
719.5000 4.243370e-01
719.6000 4.245860e-01
719.7000 4.248350e-01
719.8000 4.250830e-01
719.9000 4.253310e-01
720.0000 4.255790e-01
720.1000 4.265230e-01
720.2000 4.274670e-01
720.3000 4.284110e-01
720.4000 4.293550e-01
720.5000 4.302990e-01
720.6000 4.326910e-01
720.7000 4.350830e-01
720.8000 4.374750e-01
720.9000 4.398670e-01
721.0000 4.422580e-01
721.1000 4.445620e-01
721.2000 4.468650e-01
721.3000 4.491690e-01
721.4000 4.514730e-01
721.5000 4.537770e-01
721.6000 4.545370e-01
721.7000 4.552970e-01
721.8000 4.560570e-01
721.9000 4.568180e-01
722.0000 4.575790e-01
722.1000 4.573590e-01
722.2000 4.571400e-01
722.3000 4.569200e-01
722.4000 4.567010e-01
722.5000 4.564800e-01
722.6000 4.549090e-01
722.7000 4.533370e-01
722.8000 4.517640e-01
722.9000 4.501920e-01
723.0000 4.486200e-01
723.1000 4.462570e-01
723.2000 4.438960e-01
723.3000 4.415340e-01
723.4000 4.391730e-01
723.5000 4.368120e-01
723.6000 4.364770e-01
723.7000 4.361400e-01
723.8000 4.358040e-01
723.9000 4.354680e-01
724.0000 4.351330e-01
724.1000 4.352960e-01
724.2000 4.354610e-01
724.3000 4.356260e-01
724.4000 4.357920e-01
724.5000 4.359590e-01
724.6000 4.363210e-01
724.7000 4.366830e-01
724.8000 4.370460e-01
724.9000 4.374110e-01
725.0000 4.377760e-01
725.1000 4.381520e-01
725.2000 4.385290e-01
725.3000 4.389070e-01
725.4000 4.392850e-01
725.5000 4.396650e-01
725.6000 4.404300e-01
725.7000 4.411960e-01
725.8000 4.419620e-01
725.9000 4.427290e-01
726.0000 4.434970e-01
726.1000 4.434940e-01
726.2000 4.434910e-01
726.3000 4.434890e-01
726.4000 4.434860e-01
726.5000 4.434830e-01
726.6000 4.433820e-01
726.7000 4.432820e-01
726.8000 4.431820e-01
726.9000 4.430820e-01
727.0000 4.429820e-01
727.1000 4.421010e-01
727.2000 4.412190e-01
727.3000 4.403380e-01
727.4000 4.394570e-01
727.5000 4.385750e-01
727.6000 4.384650e-01
727.7000 4.383540e-01
727.8000 4.382430e-01
727.9000 4.381320e-01
728.0000 4.380210e-01
728.1000 4.395520e-01
728.2000 4.410830e-01
728.3000 4.426140e-01
728.4000 4.441450e-01
728.5000 4.456760e-01
728.6000 4.454730e-01
728.7000 4.452700e-01
728.8000 4.450670e-01
728.9000 4.448640e-01
729.0000 4.446620e-01
729.1000 4.449560e-01
729.2000 4.452500e-01
729.3000 4.455460e-01
729.4000 4.458420e-01
729.5000 4.461380e-01
729.6000 4.468200e-01
729.7000 4.475030e-01
729.8000 4.481870e-01
729.9000 4.488720e-01
730.0000 4.495580e-01
730.1000 4.492400e-01
730.2000 4.489220e-01
730.3000 4.486050e-01
730.4000 4.482900e-01
730.5000 4.479760e-01
730.6000 4.479520e-01
730.7000 4.479290e-01
730.8000 4.479070e-01
730.9000 4.478860e-01
731.0000 4.478650e-01
731.1000 4.481590e-01
731.2000 4.484540e-01
731.3000 4.487480e-01
731.4000 4.490420e-01
731.5000 4.493360e-01
731.6000 4.500150e-01
731.7000 4.506930e-01
731.8000 4.513710e-01
731.9000 4.520490e-01
732.0000 4.527270e-01
732.1000 4.537870e-01
732.2000 4.548470e-01
732.3000 4.559070e-01
732.4000 4.569660e-01
732.5000 4.580240e-01
732.6000 4.585050e-01
732.7000 4.589850e-01
732.8000 4.594650e-01
732.9000 4.599450e-01
733.0000 4.604250e-01
733.1000 4.604340e-01
733.2000 4.604440e-01
733.3000 4.604530e-01
733.4000 4.604630e-01
733.5000 4.604730e-01
733.6000 4.607740e-01
733.7000 4.610750e-01
733.8000 4.613760e-01
733.9000 4.616780e-01
734.0000 4.619800e-01
734.1000 4.620720e-01
734.2000 4.621630e-01
734.3000 4.622540e-01
734.4000 4.623450e-01
734.5000 4.624340e-01
734.6000 4.623310e-01
734.7000 4.622260e-01
734.8000 4.621210e-01
734.9000 4.620140e-01
735.0000 4.619060e-01
735.1000 4.620020e-01
735.2000 4.620970e-01
735.3000 4.621900e-01
735.4000 4.622820e-01
735.5000 4.623730e-01
735.6000 4.622700e-01
735.7000 4.621660e-01
735.8000 4.620610e-01
735.9000 4.619560e-01
736.0000 4.618500e-01
736.1000 4.617370e-01
736.2000 4.616240e-01
736.3000 4.615110e-01
736.4000 4.613980e-01
736.5000 4.612850e-01
736.6000 4.613660e-01
736.7000 4.614470e-01
736.8000 4.615280e-01
736.9000 4.616080e-01
737.0000 4.616890e-01
737.1000 4.619650e-01
737.2000 4.622410e-01
737.3000 4.625170e-01
737.4000 4.627930e-01
737.5000 4.630690e-01
737.6000 4.632490e-01
737.7000 4.634290e-01
737.8000 4.636080e-01
737.9000 4.637880e-01
738.0000 4.639680e-01
738.1000 4.639560e-01
738.2000 4.639440e-01
738.3000 4.639320e-01
738.4000 4.639200e-01
738.5000 4.639090e-01
738.6000 4.639930e-01
738.7000 4.640770e-01
738.8000 4.641610e-01
738.9000 4.642460e-01
739.0000 4.643300e-01
739.1000 4.643150e-01
739.2000 4.643010e-01
739.3000 4.642860e-01
739.4000 4.642720e-01
739.5000 4.642580e-01
739.6000 4.643390e-01
739.7000 4.644210e-01
739.8000 4.645030e-01
739.9000 4.645840e-01
740.0000 4.646660e-01
740.1000 4.647550e-01
740.2000 4.648450e-01
740.3000 4.649340e-01
740.4000 4.650230e-01
740.5000 4.651130e-01
740.6000 4.652020e-01
740.7000 4.652910e-01
740.8000 4.653810e-01
740.9000 4.654700e-01
741.0000 4.655590e-01
741.1000 4.655420e-01
741.2000 4.655240e-01
741.3000 4.655070e-01
741.4000 4.654900e-01
741.5000 4.654720e-01
741.6000 4.655510e-01
741.7000 4.656290e-01
741.8000 4.657080e-01
741.9000 4.657870e-01
742.0000 4.658650e-01
742.1000 4.658370e-01
742.2000 4.658080e-01
742.3000 4.657790e-01
742.4000 4.657510e-01
742.5000 4.657220e-01
742.6000 4.656940e-01
742.7000 4.656650e-01
742.8000 4.656360e-01
742.9000 4.656080e-01
743.0000 4.655790e-01
743.1000 4.656670e-01
743.2000 4.657540e-01
743.3000 4.658410e-01
743.4000 4.659280e-01
743.5000 4.660160e-01
743.6000 4.660070e-01
743.7000 4.659980e-01
743.8000 4.659890e-01
743.9000 4.659810e-01
744.0000 4.659720e-01
744.1000 4.659530e-01
744.2000 4.659340e-01
744.3000 4.659140e-01
744.4000 4.658950e-01
744.5000 4.658760e-01
744.6000 4.658570e-01
744.7000 4.658370e-01
744.8000 4.658180e-01
744.9000 4.657990e-01
745.0000 4.657790e-01
745.1000 4.657690e-01
745.2000 4.657580e-01
745.3000 4.657470e-01
745.4000 4.657360e-01
745.5000 4.657250e-01
745.6000 4.657140e-01
745.7000 4.657030e-01
745.8000 4.656920e-01
745.9000 4.656810e-01
746.0000 4.656700e-01
746.1000 4.656340e-01
746.2000 4.655980e-01
746.3000 4.655620e-01
746.4000 4.655260e-01
746.5000 4.654900e-01
746.6000 4.654540e-01
746.7000 4.654180e-01
746.8000 4.653810e-01
746.9000 4.653450e-01
747.0000 4.653090e-01
747.1000 4.654100e-01
747.2000 4.655110e-01
747.3000 4.656110e-01
747.4000 4.657120e-01
747.5000 4.658130e-01
747.6000 4.658170e-01
747.7000 4.658220e-01
747.8000 4.658270e-01
747.9000 4.658320e-01
748.0000 4.658370e-01
748.1000 4.657960e-01
748.2000 4.657560e-01
748.3000 4.657150e-01
748.4000 4.656750e-01
748.5000 4.656350e-01
748.6000 4.655940e-01
748.7000 4.655540e-01
748.8000 4.655140e-01
748.9000 4.654730e-01
749.0000 4.654330e-01
749.1000 4.654350e-01
749.2000 4.654380e-01
749.3000 4.654400e-01
749.4000 4.654420e-01
749.5000 4.654450e-01
749.6000 4.654470e-01
749.7000 4.654490e-01
749.8000 4.654520e-01
749.9000 4.654540e-01
750.0000 4.654570e-01
750.1000 4.654260e-01
750.2000 4.653950e-01
750.3000 4.653640e-01
750.4000 4.653330e-01
750.5000 4.653020e-01
750.6000 4.653660e-01
750.7000 4.654310e-01
750.8000 4.654960e-01
750.9000 4.655610e-01
751.0000 4.656250e-01
751.1000 4.656120e-01
751.2000 4.655990e-01
751.3000 4.655850e-01
751.4000 4.655720e-01
751.5000 4.655590e-01
751.6000 4.655450e-01
751.7000 4.655320e-01
751.8000 4.655190e-01
751.9000 4.655050e-01
752.0000 4.654920e-01
752.1000 4.654770e-01
752.2000 4.654630e-01
752.3000 4.654480e-01
752.4000 4.654330e-01
752.5000 4.654180e-01
752.6000 4.654040e-01
752.7000 4.653890e-01
752.8000 4.653740e-01
752.9000 4.653590e-01
753.0000 4.653450e-01
753.1000 4.654000e-01
753.2000 4.654550e-01
753.3000 4.655090e-01
753.4000 4.655640e-01
753.5000 4.656190e-01
753.6000 4.655780e-01
753.7000 4.655360e-01
753.8000 4.654940e-01
753.9000 4.654520e-01
754.0000 4.654110e-01
754.1000 4.653750e-01
754.2000 4.653400e-01
754.3000 4.653050e-01
754.4000 4.652710e-01
754.5000 4.652370e-01
754.6000 4.652050e-01
754.7000 4.651730e-01
754.8000 4.651430e-01
754.9000 4.651130e-01
755.0000 4.650840e-01
755.1000 4.650460e-01
755.2000 4.650090e-01
755.3000 4.649720e-01
755.4000 4.649370e-01
755.5000 4.649020e-01
755.6000 4.648690e-01
755.7000 4.648360e-01
755.8000 4.648030e-01
755.9000 4.647720e-01
756.0000 4.647410e-01
756.1000 4.647460e-01
756.2000 4.647520e-01
756.3000 4.647580e-01
756.4000 4.647640e-01
756.5000 4.647690e-01
756.6000 4.648700e-01
756.7000 4.649700e-01
756.8000 4.650700e-01
756.9000 4.651700e-01
757.0000 4.652700e-01
757.1000 4.652600e-01
757.2000 4.652500e-01
757.3000 4.652400e-01
757.4000 4.652300e-01
757.5000 4.652190e-01
757.6000 4.652090e-01
757.7000 4.651990e-01
757.8000 4.651890e-01
757.9000 4.651780e-01
758.0000 4.651680e-01
758.1000 4.647820e-01
758.2000 4.643950e-01
758.3000 4.640080e-01
758.4000 4.636220e-01
758.5000 4.632350e-01
758.6000 4.589370e-01
758.7000 4.546390e-01
758.8000 4.503420e-01
758.9000 4.460450e-01
759.0000 4.417480e-01
759.1000 4.245610e-01
759.2000 4.073760e-01
759.3000 3.901910e-01
759.4000 3.730060e-01
759.5000 3.558220e-01
759.6000 3.307210e-01
759.7000 3.056220e-01
759.8000 2.805230e-01
759.9000 2.554260e-01
760.0000 2.303310e-01
760.1000 2.169730e-01
760.2000 2.036150e-01
760.3000 1.902580e-01
760.4000 1.769010e-01
760.5000 1.635440e-01
760.6000 1.649690e-01
760.7000 1.663930e-01
760.8000 1.678170e-01
760.9000 1.692410e-01
761.0000 1.706640e-01
761.1000 1.841850e-01
761.2000 1.977040e-01
761.3000 2.112200e-01
761.4000 2.247340e-01
761.5000 2.382460e-01
761.6000 2.524220e-01
761.7000 2.665960e-01
761.8000 2.807670e-01
761.9000 2.949360e-01
762.0000 3.091020e-01
762.1000 3.070930e-01
762.2000 3.050850e-01
762.3000 3.030770e-01
762.4000 3.010690e-01
762.5000 2.990610e-01
762.6000 2.914350e-01
762.7000 2.838080e-01
762.8000 2.761820e-01
762.9000 2.685560e-01
763.0000 2.609310e-01
763.1000 2.610020e-01
763.2000 2.610720e-01
763.3000 2.611430e-01
763.4000 2.612140e-01
763.5000 2.612840e-01
763.6000 2.655430e-01
763.7000 2.698000e-01
763.8000 2.740570e-01
763.9000 2.783130e-01
764.0000 2.825680e-01
764.1000 2.876870e-01
764.2000 2.928050e-01
764.3000 2.979220e-01
764.4000 3.030390e-01
764.5000 3.081540e-01
764.6000 3.142210e-01
764.7000 3.202860e-01
764.8000 3.263510e-01
764.9000 3.324150e-01
765.0000 3.384780e-01
765.1000 3.438950e-01
765.2000 3.493120e-01
765.3000 3.547290e-01
765.4000 3.601460e-01
765.5000 3.655630e-01
765.6000 3.698400e-01
765.7000 3.741160e-01
765.8000 3.783920e-01
765.9000 3.826670e-01
766.0000 3.869430e-01
766.1000 3.905910e-01
766.2000 3.942370e-01
766.3000 3.978830e-01
766.4000 4.015270e-01
766.5000 4.051700e-01
766.6000 4.090020e-01
766.7000 4.128320e-01
766.8000 4.166620e-01
766.9000 4.204900e-01
767.0000 4.243170e-01
767.1000 4.268510e-01
767.2000 4.293840e-01
767.3000 4.319170e-01
767.4000 4.344500e-01
767.5000 4.369820e-01
767.6000 4.383760e-01
767.7000 4.397690e-01
767.8000 4.411620e-01
767.9000 4.425540e-01
768.0000 4.439470e-01
768.1000 4.449050e-01
768.2000 4.458630e-01
768.3000 4.468210e-01
768.4000 4.477790e-01
768.5000 4.487370e-01
768.6000 4.494100e-01
768.7000 4.500820e-01
768.8000 4.507540e-01
768.9000 4.514260e-01
769.0000 4.520990e-01
769.1000 4.526170e-01
769.2000 4.531360e-01
769.3000 4.536550e-01
769.4000 4.541750e-01
769.5000 4.546960e-01
769.6000 4.554070e-01
769.7000 4.561200e-01
769.8000 4.568330e-01
769.9000 4.575480e-01
770.0000 4.582640e-01
770.1000 4.587070e-01
770.2000 4.591520e-01
770.3000 4.595970e-01
770.4000 4.600440e-01
770.5000 4.604920e-01
770.6000 4.606570e-01
770.7000 4.608230e-01
770.8000 4.609900e-01
770.9000 4.611580e-01
771.0000 4.613260e-01
771.1000 4.614210e-01
771.2000 4.615150e-01
771.3000 4.616090e-01
771.4000 4.617020e-01
771.5000 4.617950e-01
771.6000 4.617920e-01
771.7000 4.617890e-01
771.8000 4.617860e-01
771.9000 4.617820e-01
772.0000 4.617780e-01
772.1000 4.617610e-01
772.2000 4.617450e-01
772.3000 4.617280e-01
772.4000 4.617100e-01
772.5000 4.616930e-01
772.6000 4.616750e-01
772.7000 4.616570e-01
772.8000 4.616380e-01
772.9000 4.616200e-01
773.0000 4.616010e-01
773.1000 4.616660e-01
773.2000 4.617310e-01
773.3000 4.617960e-01
773.4000 4.618620e-01
773.5000 4.619270e-01
773.6000 4.618980e-01
773.7000 4.618700e-01
773.8000 4.618420e-01
773.9000 4.618140e-01
774.0000 4.617860e-01
774.1000 4.617800e-01
774.2000 4.617750e-01
774.3000 4.617680e-01
774.4000 4.617610e-01
774.5000 4.617530e-01
774.6000 4.617440e-01
774.7000 4.617340e-01
774.8000 4.617240e-01
774.9000 4.617120e-01
775.0000 4.617000e-01
775.1000 4.616670e-01
775.2000 4.616320e-01
775.3000 4.615970e-01
775.4000 4.615620e-01
775.5000 4.615250e-01
775.6000 4.614870e-01
775.7000 4.614490e-01
775.8000 4.614090e-01
775.9000 4.613700e-01
776.0000 4.613300e-01
776.1000 4.613020e-01
776.2000 4.612750e-01
776.3000 4.612480e-01
776.4000 4.612200e-01
776.5000 4.611940e-01
776.6000 4.611670e-01
776.7000 4.611410e-01
776.8000 4.611150e-01
776.9000 4.610880e-01
777.0000 4.610620e-01
777.1000 4.610230e-01
777.2000 4.609850e-01
777.3000 4.609460e-01
777.4000 4.609070e-01
777.5000 4.608680e-01
777.6000 4.608290e-01
777.7000 4.607910e-01
777.8000 4.607520e-01
777.9000 4.607130e-01
778.0000 4.606740e-01
778.1000 4.606380e-01
778.2000 4.606020e-01
778.3000 4.605660e-01
778.4000 4.605300e-01
778.5000 4.604940e-01
778.6000 4.604570e-01
778.7000 4.604210e-01
778.8000 4.603850e-01
778.9000 4.603490e-01
779.0000 4.603130e-01
779.1000 4.603920e-01
779.2000 4.604710e-01
779.3000 4.605510e-01
779.4000 4.606300e-01
779.5000 4.607090e-01
779.6000 4.606940e-01
779.7000 4.606790e-01
779.8000 4.606640e-01
779.9000 4.606490e-01
780.0000 4.606340e-01
780.1000 4.605530e-01
780.2000 4.604720e-01
780.3000 4.603910e-01
780.4000 4.603100e-01
780.5000 4.602290e-01
780.6000 4.601490e-01
780.7000 4.600680e-01
780.8000 4.599870e-01
780.9000 4.599060e-01
781.0000 4.598250e-01
781.1000 4.598290e-01
781.2000 4.598320e-01
781.3000 4.598360e-01
781.4000 4.598390e-01
781.5000 4.598430e-01
781.6000 4.598460e-01
781.7000 4.598500e-01
781.8000 4.598530e-01
781.9000 4.598570e-01
782.0000 4.598600e-01
782.1000 4.598250e-01
782.2000 4.597890e-01
782.3000 4.597540e-01
782.4000 4.597180e-01
782.5000 4.596820e-01
782.6000 4.596470e-01
782.7000 4.596110e-01
782.8000 4.595760e-01
782.9000 4.595400e-01
783.0000 4.595050e-01
783.1000 4.594610e-01
783.2000 4.594160e-01
783.3000 4.593720e-01
783.4000 4.593280e-01
783.5000 4.592830e-01
783.6000 4.592390e-01
783.7000 4.591950e-01
783.8000 4.591500e-01
783.9000 4.591060e-01
784.0000 4.590620e-01
784.1000 4.590110e-01
784.2000 4.589590e-01
784.3000 4.589080e-01
784.4000 4.588570e-01
784.5000 4.588050e-01
784.6000 4.587540e-01
784.7000 4.587030e-01
784.8000 4.586510e-01
784.9000 4.586000e-01
785.0000 4.585490e-01
785.1000 4.585480e-01
785.2000 4.585480e-01
785.3000 4.585470e-01
785.4000 4.585460e-01
785.5000 4.585450e-01
785.6000 4.585450e-01
785.7000 4.585440e-01
785.8000 4.585430e-01
785.9000 4.585430e-01
786.0000 4.585420e-01
786.1000 4.584050e-01
786.2000 4.582680e-01
786.3000 4.581320e-01
786.4000 4.579950e-01
786.5000 4.578580e-01
786.6000 4.578150e-01
786.7000 4.577720e-01
786.8000 4.577290e-01
786.9000 4.576870e-01
787.0000 4.576440e-01
787.1000 4.575270e-01
787.2000 4.574100e-01
787.3000 4.572930e-01
787.4000 4.571760e-01
787.5000 4.570590e-01
787.6000 4.570360e-01
787.7000 4.570130e-01
787.8000 4.569900e-01
787.9000 4.569670e-01
788.0000 4.569430e-01
788.1000 4.567990e-01
788.2000 4.566550e-01
788.3000 4.565110e-01
788.4000 4.563660e-01
788.5000 4.562220e-01
788.6000 4.559840e-01
788.7000 4.557460e-01
788.8000 4.555090e-01
788.9000 4.552710e-01
789.0000 4.550330e-01
789.1000 4.547930e-01
789.2000 4.545530e-01
789.3000 4.543130e-01
789.4000 4.540730e-01
789.5000 4.538330e-01
789.6000 4.537800e-01
789.7000 4.537270e-01
789.8000 4.536750e-01
789.9000 4.536220e-01
790.0000 4.535690e-01
790.1000 4.535590e-01
790.2000 4.535490e-01
790.3000 4.535390e-01
790.4000 4.535290e-01
790.5000 4.535190e-01
790.6000 4.535090e-01
790.7000 4.534990e-01
790.8000 4.534890e-01
790.9000 4.534790e-01
791.0000 4.534680e-01
791.1000 4.536440e-01
791.2000 4.538200e-01
791.3000 4.539950e-01
791.4000 4.541710e-01
791.5000 4.543460e-01
791.6000 4.543350e-01
791.7000 4.543230e-01
791.8000 4.543120e-01
791.9000 4.543000e-01
792.0000 4.542890e-01
792.1000 4.541400e-01
792.2000 4.539910e-01
792.3000 4.538420e-01
792.4000 4.536930e-01
792.5000 4.535440e-01
792.6000 4.535820e-01
792.7000 4.536200e-01
792.8000 4.536580e-01
792.9000 4.536960e-01
793.0000 4.537330e-01
793.1000 4.539970e-01
793.2000 4.542600e-01
793.3000 4.545240e-01
793.4000 4.547870e-01
793.5000 4.550510e-01
793.6000 4.553140e-01
793.7000 4.555780e-01
793.8000 4.558410e-01
793.9000 4.561040e-01
794.0000 4.563680e-01
794.1000 4.563110e-01
794.2000 4.562550e-01
794.3000 4.561980e-01
794.4000 4.561420e-01
794.5000 4.560850e-01
794.6000 4.559360e-01
794.7000 4.557860e-01
794.8000 4.556360e-01
794.9000 4.554870e-01
795.0000 4.553370e-01
795.1000 4.551170e-01
795.2000 4.548960e-01
795.3000 4.546760e-01
795.4000 4.544550e-01
795.5000 4.542350e-01
795.6000 4.537350e-01
795.7000 4.532350e-01
795.8000 4.527360e-01
795.9000 4.522360e-01
796.0000 4.517360e-01
796.1000 4.515220e-01
796.2000 4.513080e-01
796.3000 4.510940e-01
796.4000 4.508800e-01
796.5000 4.506650e-01
796.6000 4.510100e-01
796.7000 4.513540e-01
796.8000 4.516990e-01
796.9000 4.520430e-01
797.0000 4.523870e-01
797.1000 4.526240e-01
797.2000 4.528600e-01
797.3000 4.530960e-01
797.4000 4.533320e-01
797.5000 4.535680e-01
797.6000 4.536180e-01
797.7000 4.536670e-01
797.8000 4.537170e-01
797.9000 4.537670e-01
798.0000 4.538170e-01
798.1000 4.538070e-01
798.2000 4.537980e-01
798.3000 4.537880e-01
798.4000 4.537790e-01
798.5000 4.537690e-01
798.6000 4.537600e-01
798.7000 4.537500e-01
798.8000 4.537400e-01
798.9000 4.537310e-01
799.0000 4.537210e-01
799.1000 4.536900e-01
799.2000 4.536590e-01
799.3000 4.536280e-01
799.4000 4.535970e-01
799.5000 4.535660e-01
799.6000 4.533500e-01
799.7000 4.531330e-01
799.8000 4.529160e-01
799.9000 4.526990e-01
800.0000 4.524830e-01
800.1000 4.522790e-01
800.2000 4.520760e-01
800.3000 4.518730e-01
800.4000 4.516690e-01
800.5000 4.514660e-01
800.6000 4.514490e-01
800.7000 4.514310e-01
800.8000 4.514140e-01
800.9000 4.513960e-01
801.0000 4.513790e-01
801.1000 4.513720e-01
801.2000 4.513650e-01
801.3000 4.513580e-01
801.4000 4.513510e-01
801.5000 4.513440e-01
801.6000 4.514300e-01
801.7000 4.515160e-01
801.8000 4.516020e-01
801.9000 4.516880e-01
802.0000 4.517740e-01
802.1000 4.517500e-01
802.2000 4.517260e-01
802.3000 4.517030e-01
802.4000 4.516790e-01
802.5000 4.516550e-01
802.6000 4.516310e-01
802.7000 4.516080e-01
802.8000 4.515840e-01
802.9000 4.515600e-01
803.0000 4.515370e-01
803.1000 4.516420e-01
803.2000 4.517470e-01
803.3000 4.518530e-01
803.4000 4.519580e-01
803.5000 4.520630e-01
803.6000 4.520760e-01
803.7000 4.518730e-01
803.8000 4.516700e-01
803.9000 4.507730e-01
804.0000 4.498750e-01
804.1000 4.489630e-01
804.2000 4.480510e-01
804.3000 4.471390e-01
804.4000 4.462280e-01
804.5000 4.453400e-01
804.6000 4.446340e-01
804.7000 4.439040e-01
804.8000 4.431730e-01
804.9000 4.424420e-01
805.0000 4.417090e-01
805.1000 4.409640e-01
805.2000 4.402170e-01
805.3000 4.394700e-01
805.4000 4.387220e-01
805.5000 4.379980e-01
805.6000 4.370940e-01
805.7000 4.361660e-01
805.8000 4.352390e-01
805.9000 4.343110e-01
806.0000 4.333830e-01
806.1000 4.324500e-01
806.2000 4.315170e-01
806.3000 4.306080e-01
806.4000 4.296990e-01
806.5000 4.287660e-01
806.6000 4.278330e-01
806.7000 4.269000e-01
806.8000 4.259680e-01
806.9000 4.250350e-01
807.0000 4.241020e-01
807.1000 4.232090e-01
807.2000 4.223160e-01
807.3000 4.207260e-01
807.4000 4.191350e-01
807.5000 4.173050e-01
807.6000 4.154750e-01
807.7000 4.136690e-01
807.8000 4.118630e-01
807.9000 4.100330e-01
808.0000 4.082020e-01
808.1000 4.062680e-01
808.2000 4.043350e-01
808.3000 4.024270e-01
808.4000 4.005190e-01
808.5000 3.985890e-01
808.6000 3.966600e-01
808.7000 3.947550e-01
808.8000 3.928520e-01
808.9000 3.909260e-01
809.0000 3.890000e-01
809.1000 3.871350e-01
809.2000 3.852710e-01
809.3000 3.833840e-01
809.4000 3.814970e-01
809.5000 3.796350e-01
809.6000 3.778510e-01
809.7000 3.760430e-01
809.8000 3.742340e-01
809.9000 3.724500e-01
810.0000 3.706650e-01
810.1000 3.688470e-01
810.2000 3.670280e-01
810.3000 3.652330e-01
810.4000 3.634380e-01
810.5000 3.616190e-01
810.6000 3.596520e-01
810.7000 3.577110e-01
810.8000 3.557710e-01
810.9000 3.538090e-01
811.0000 3.518490e-01
811.1000 3.498440e-01
811.2000 3.478420e-01
811.3000 3.458180e-01
811.4000 3.437960e-01
811.5000 3.418000e-01
811.6000 3.398770e-01
811.7000 3.379310e-01
811.8000 3.359870e-01
811.9000 3.340670e-01
812.0000 3.321500e-01
812.1000 3.302870e-01
812.2000 3.284250e-01
812.3000 3.265870e-01
812.4000 3.247500e-01
812.5000 3.228900e-01
812.6000 3.205660e-01
812.7000 3.182710e-01
812.8000 3.159810e-01
812.9000 3.136740e-01
813.0000 3.113730e-01
813.1000 3.085920e-01
813.2000 3.058220e-01
813.3000 3.030870e-01
813.4000 3.003640e-01
813.5000 2.976290e-01
813.6000 2.954690e-01
813.7000 2.933380e-01
813.8000 2.912110e-01
813.9000 2.890660e-01
814.0000 2.869260e-01
814.1000 2.850280e-01
814.2000 2.831320e-01
814.3000 2.812160e-01
814.4000 2.793010e-01
814.5000 2.774110e-01
814.6000 2.751110e-01
814.7000 2.727950e-01
814.8000 2.704870e-01
814.9000 2.682080e-01
815.0000 2.659360e-01
815.1000 2.635620e-01
815.2000 2.611960e-01
815.3000 2.588610e-01
815.4000 2.565350e-01
815.5000 2.541940e-01
815.6000 2.519180e-01
815.7000 2.496710e-01
815.8000 2.474330e-01
815.9000 2.451790e-01
816.0000 2.429340e-01
816.1000 2.409570e-01
816.2000 2.389850e-01
816.3000 2.369950e-01
816.4000 2.350090e-01
816.5000 2.330500e-01
816.6000 2.321250e-01
816.7000 2.311680e-01
816.8000 2.302010e-01
816.9000 2.292450e-01
817.0000 2.282800e-01
817.1000 2.265830e-01
817.2000 2.248870e-01
817.3000 2.232130e-01
817.4000 2.215390e-01
817.5000 2.198430e-01
817.6000 2.172850e-01
817.7000 2.147630e-01
817.8000 2.122540e-01
817.9000 2.097360e-01
818.0000 2.072310e-01
818.1000 2.061930e-01
818.2000 2.051450e-01
818.3000 2.041090e-01
818.4000 2.030630e-01
818.5000 2.019840e-01
818.6000 2.007620e-01
818.7000 1.995550e-01
818.8000 1.983400e-01
818.9000 1.970950e-01
819.0000 1.958410e-01
819.1000 1.941910e-01
819.2000 1.925400e-01
819.3000 1.908650e-01
819.4000 1.891900e-01
819.5000 1.875370e-01
819.6000 1.858430e-01
819.7000 1.841260e-01
819.8000 1.824090e-01
819.9000 1.807150e-01
820.0000 1.790200e-01
820.1000 1.782330e-01
820.2000 1.774280e-01
820.3000 1.766270e-01
820.4000 1.758090e-01
820.5000 1.749500e-01
820.6000 1.738530e-01
820.7000 1.727660e-01
820.8000 1.716660e-01
820.9000 1.705290e-01
821.0000 1.693780e-01
821.1000 1.675300e-01
821.2000 1.656840e-01
821.3000 1.638160e-01
821.4000 1.619500e-01
821.5000 1.601090e-01
821.6000 1.579720e-01
821.7000 1.558210e-01
821.8000 1.536780e-01
821.9000 1.515660e-01
822.0000 1.494630e-01
822.1000 1.464570e-01
822.2000 1.434810e-01
822.3000 1.405570e-01
822.4000 1.376620e-01
822.5000 1.347730e-01
822.6000 1.315340e-01
822.7000 1.283560e-01
822.8000 1.252160e-01
822.9000 1.220930e-01
823.0000 1.190100e-01
823.1000 1.180360e-01
823.2000 1.170450e-01
823.3000 1.160590e-01
823.4000 1.150560e-01
823.5000 1.140140e-01
823.6000 1.136970e-01
823.7000 1.133630e-01
823.8000 1.129910e-01
823.9000 1.125580e-01
824.0000 1.120860e-01
824.1000 1.108480e-01
824.2000 1.095950e-01
824.3000 1.083050e-01
824.4000 1.069990e-01
824.5000 1.057020e-01
824.6000 1.040620e-01
824.7000 1.023950e-01
824.8000 1.007240e-01
824.9000 9.907340e-02
825.0000 9.741870e-02
825.1000 9.554160e-02
825.2000 9.366800e-02
825.3000 9.182130e-02
825.4000 8.997810e-02
825.5000 8.811500e-02
825.6000 8.625550e-02
825.7000 8.442280e-02
825.8000 8.259350e-02
825.9000 8.074450e-02
826.0000 7.889900e-02
826.1000 7.734980e-02
826.2000 7.579190e-02
826.3000 7.420180e-02
826.4000 7.260300e-02
826.5000 7.101890e-02
826.6000 6.931050e-02
826.7000 6.757570e-02
826.8000 6.583800e-02
826.9000 6.412120e-02
827.0000 6.240150e-02
827.1000 6.029980e-02
827.2000 5.821630e-02
827.3000 5.617440e-02
827.4000 5.415050e-02
827.5000 5.212160e-02
827.6000 5.021840e-02
827.7000 4.834890e-02
827.8000 4.649000e-02
827.9000 4.461900e-02
828.0000 4.275880e-02
828.1000 4.198270e-02
828.2000 4.120310e-02
828.3000 4.042010e-02
828.4000 3.963360e-02
828.5000 3.886650e-02
828.6000 3.802270e-02
828.7000 3.715590e-02
828.8000 3.628900e-02
828.9000 3.542190e-02
829.0000 3.455480e-02
829.1000 3.370940e-02
829.2000 3.286270e-02
829.3000 3.203770e-02
829.4000 3.121150e-02
829.5000 3.036110e-02
829.6000 2.954720e-02
829.7000 2.872990e-02
829.8000 2.790900e-02
829.9000 2.708460e-02
830.0000 2.625670e-02
830.1000 2.541150e-02
830.2000 2.456530e-02
830.3000 2.369510e-02
830.4000 2.282390e-02
830.5000 2.195190e-02
830.6000 2.111000e-02
830.7000 2.026460e-02
830.8000 1.941580e-02
830.9000 1.858690e-02
831.0000 1.775450e-02
831.1000 1.685700e-02
831.2000 1.596000e-02
831.3000 1.506360e-02
831.4000 1.416770e-02
831.5000 1.327230e-02
831.6000 1.234900e-02
831.7000 1.145370e-02
831.8000 1.056290e-02
831.9000 9.653440e-03
832.0000 8.748590e-03
832.1000 7.881860e-03
832.2000 7.012280e-03
832.3000 6.139840e-03
832.4000 5.264550e-03
832.5000 4.409750e-03
832.6000 3.554390e-03
832.7000 2.671740e-03
832.8000 1.785130e-03
832.9000 8.945460e-04
