# LSST/LSST.r from the SVO Filter Profile Service, 2026-09-28
# wavelength[nm] throughput
537.0000 4.419110e-13
537.1000 8.201270e-04
537.2000 1.640390e-03
537.3000 2.460780e-03
537.4000 3.281300e-03
537.5000 4.101960e-03
537.6000 4.923860e-03
537.7000 5.767870e-03
537.8000 6.612400e-03
537.9000 7.435830e-03
538.0000 8.259760e-03
538.1000 9.081410e-03
538.2000 9.903060e-03
538.3000 1.072470e-02
538.4000 1.154640e-02
538.5000 1.236800e-02
538.6000 1.318970e-02
538.7000 1.401140e-02
538.8000 1.483300e-02
538.9000 1.567630e-02
539.0000 1.651970e-02
539.1000 1.734210e-02
539.2000 1.816450e-02
539.3000 1.898700e-02
539.4000 1.980950e-02
539.5000 2.063210e-02
539.6000 2.145470e-02
539.7000 2.227730e-02
539.8000 2.309990e-02
539.9000 2.392250e-02
540.0000 2.474520e-02
540.1000 2.558830e-02
540.2000 2.643140e-02
540.3000 2.725270e-02
540.4000 2.807400e-02
540.5000 2.889510e-02
540.6000 2.970940e-02
540.7000 3.052310e-02
540.8000 3.133640e-02
540.9000 3.214920e-02
541.0000 3.296150e-02
541.1000 3.378250e-02
541.2000 3.460340e-02
541.3000 3.544600e-02
541.4000 3.628850e-02
541.5000 3.710950e-02
541.6000 3.793060e-02
541.7000 3.875160e-02
541.8000 3.957270e-02
541.9000 4.039390e-02
542.0000 4.121500e-02
542.1000 4.285650e-02
542.2000 4.449800e-02
542.3000 4.616110e-02
542.4000 4.782420e-02
542.5000 4.946580e-02
542.6000 5.111880e-02
542.7000 5.277260e-02
542.8000 5.442700e-02
542.9000 5.610380e-02
543.0000 5.778130e-02
543.1000 5.942500e-02
543.2000 6.106860e-02
543.3000 6.271230e-02
543.4000 6.435600e-02
543.5000 6.602140e-02
543.6000 6.768670e-02
543.7000 6.933050e-02
543.8000 7.097420e-02
543.9000 7.261810e-02
544.0000 7.426210e-02
544.1000 7.592970e-02
544.2000 7.759750e-02
544.3000 7.924400e-02
544.4000 8.089090e-02
544.5000 8.253800e-02
544.6000 8.418560e-02
544.7000 8.583350e-02
544.8000 8.748170e-02
544.9000 8.915190e-02
545.0000 9.082250e-02
545.1000 9.246510e-02
545.2000 9.410770e-02
545.3000 9.575040e-02
545.4000 9.739320e-02
545.5000 9.905770e-02
545.6000 1.007220e-01
545.7000 1.023650e-01
545.8000 1.040080e-01
545.9000 1.056510e-01
546.0000 1.072940e-01
546.1000 1.089690e-01
546.2000 1.106440e-01
546.3000 1.122970e-01
546.4000 1.139510e-01
546.5000 1.156050e-01
546.6000 1.172590e-01
546.7000 1.189350e-01
546.8000 1.206120e-01
546.9000 1.222670e-01
547.0000 1.239220e-01
547.1000 1.256070e-01
547.2000 1.272920e-01
547.3000 1.290000e-01
547.4000 1.307100e-01
547.5000 1.323980e-01
547.6000 1.340580e-01
547.7000 1.357170e-01
547.8000 1.373770e-01
547.9000 1.390590e-01
548.0000 1.407410e-01
548.1000 1.423930e-01
548.2000 1.440460e-01
548.3000 1.456980e-01
548.4000 1.473500e-01
548.5000 1.490240e-01
548.6000 1.506990e-01
548.7000 1.523510e-01
548.8000 1.540040e-01
548.9000 1.556570e-01
549.0000 1.573090e-01
549.1000 1.589840e-01
549.2000 1.606590e-01
549.3000 1.623120e-01
549.4000 1.639660e-01
549.5000 1.656190e-01
549.6000 1.673100e-01
549.7000 1.690020e-01
549.8000 1.706950e-01
549.9000 1.724110e-01
550.0000 1.741270e-01
550.1000 1.757880e-01
550.2000 1.774490e-01
550.3000 1.791110e-01
550.4000 1.807730e-01
550.5000 1.824560e-01
550.6000 1.841400e-01
550.7000 1.858020e-01
550.8000 1.874640e-01
550.9000 1.891270e-01
551.0000 1.907900e-01
551.1000 1.924740e-01
551.2000 1.941580e-01
551.3000 1.958210e-01
551.4000 1.974840e-01
551.5000 1.991480e-01
551.6000 2.008110e-01
551.7000 2.024970e-01
551.8000 2.041820e-01
551.9000 2.058460e-01
552.0000 2.075100e-01
552.1000 2.091730e-01
552.2000 2.108350e-01
552.3000 2.125190e-01
552.4000 2.142040e-01
552.5000 2.158660e-01
552.6000 2.175290e-01
552.7000 2.191920e-01
552.8000 2.208560e-01
552.9000 2.225410e-01
553.0000 2.242260e-01
553.1000 2.258930e-01
553.2000 2.275610e-01
553.3000 2.292290e-01
553.4000 2.308970e-01
553.5000 2.325870e-01
553.6000 2.342780e-01
553.7000 2.359460e-01
553.8000 2.376150e-01
553.9000 2.392840e-01
554.0000 2.409540e-01
554.1000 2.426460e-01
554.2000 2.443390e-01
554.3000 2.460090e-01
554.4000 2.476810e-01
554.5000 2.493520e-01
554.6000 2.510800e-01
554.7000 2.528090e-01
554.8000 2.545390e-01
554.9000 2.562920e-01
555.0000 2.580460e-01
555.1000 2.597130e-01
555.2000 2.613800e-01
555.3000 2.630470e-01
555.4000 2.647140e-01
555.5000 2.664030e-01
555.6000 2.680930e-01
555.7000 2.697600e-01
555.8000 2.714280e-01
555.9000 2.730960e-01
556.0000 2.747640e-01
556.1000 2.764080e-01
556.2000 2.780510e-01
556.3000 2.796720e-01
556.4000 2.812920e-01
556.5000 2.829120e-01
556.6000 2.845960e-01
556.7000 2.863020e-01
556.8000 2.880080e-01
556.9000 2.896930e-01
557.0000 2.913780e-01
557.1000 2.930670e-01
557.2000 2.947560e-01
557.3000 2.964680e-01
557.4000 2.981790e-01
557.5000 2.998700e-01
557.6000 3.015610e-01
557.7000 3.032520e-01
557.8000 3.049430e-01
557.9000 3.066570e-01
558.0000 3.083710e-01
558.1000 3.100340e-01
558.2000 3.116960e-01
558.3000 3.133580e-01
558.4000 3.150210e-01
558.5000 3.167050e-01
558.6000 3.183900e-01
558.7000 3.200520e-01
558.8000 3.217150e-01
558.9000 3.233770e-01
559.0000 3.250400e-01
559.1000 3.267390e-01
559.2000 3.284380e-01
559.3000 3.301150e-01
559.4000 3.317920e-01
559.5000 3.334700e-01
559.6000 3.350720e-01
559.7000 3.366740e-01
559.8000 3.382750e-01
559.9000 3.398970e-01
560.0000 3.415190e-01
560.1000 3.432170e-01
560.2000 3.449170e-01
560.3000 3.466160e-01
560.4000 3.483160e-01
560.5000 3.500380e-01
560.6000 3.517610e-01
560.7000 3.534620e-01
560.8000 3.551630e-01
560.9000 3.568650e-01
561.0000 3.585670e-01
561.1000 3.602630e-01
561.2000 3.619590e-01
561.3000 3.636330e-01
561.4000 3.653070e-01
561.5000 3.669820e-01
561.6000 3.685730e-01
561.7000 3.701850e-01
561.8000 3.717970e-01
561.9000 3.733860e-01
562.0000 3.749750e-01
562.1000 3.766460e-01
562.2000 3.783180e-01
562.3000 3.800110e-01
562.4000 3.817040e-01
562.5000 3.833760e-01
562.6000 3.850470e-01
562.7000 3.865220e-01
562.8000 3.879980e-01
562.9000 3.888400e-01
563.0000 3.896820e-01
563.1000 3.905520e-01
563.2000 3.914230e-01
563.3000 3.922940e-01
563.4000 3.931660e-01
563.5000 3.940370e-01
563.6000 3.949090e-01
563.7000 3.958020e-01
563.8000 3.966960e-01
563.9000 3.975680e-01
564.0000 3.984410e-01
564.1000 3.992120e-01
564.2000 3.999820e-01
564.3000 4.007530e-01
564.4000 4.015230e-01
564.5000 4.022930e-01
564.6000 4.031540e-01
564.7000 4.040150e-01
564.8000 4.048760e-01
564.9000 4.057370e-01
565.0000 4.065990e-01
565.1000 4.074820e-01
565.2000 4.083660e-01
565.3000 4.092280e-01
565.4000 4.100900e-01
565.5000 4.109520e-01
565.6000 4.118140e-01
565.7000 4.126770e-01
565.8000 4.135390e-01
565.9000 4.144020e-01
566.0000 4.152650e-01
566.1000 4.161430e-01
566.2000 4.170220e-01
566.3000 4.172880e-01
566.4000 4.175550e-01
566.5000 4.176020e-01
566.6000 4.176500e-01
566.7000 4.176970e-01
566.8000 4.177450e-01
566.9000 4.177920e-01
567.0000 4.178400e-01
567.1000 4.178500e-01
567.2000 4.178600e-01
567.3000 4.178690e-01
567.4000 4.178790e-01
567.5000 4.178890e-01
567.6000 4.178990e-01
567.7000 4.179090e-01
567.8000 4.179190e-01
567.9000 4.179290e-01
568.0000 4.179390e-01
568.1000 4.178810e-01
568.2000 4.178240e-01
568.3000 4.177670e-01
568.4000 4.177100e-01
568.5000 4.176530e-01
568.6000 4.175960e-01
568.7000 4.175390e-01
568.8000 4.174820e-01
568.9000 4.174250e-01
569.0000 4.173680e-01
569.1000 4.173980e-01
569.2000 4.174280e-01
569.3000 4.174580e-01
569.4000 4.174890e-01
569.5000 4.175190e-01
569.6000 4.175490e-01
569.7000 4.175790e-01
569.8000 4.176090e-01
569.9000 4.176400e-01
570.0000 4.176700e-01
570.1000 4.178020e-01
570.2000 4.179340e-01
570.3000 4.180660e-01
570.4000 4.181980e-01
570.5000 4.183300e-01
570.6000 4.183680e-01
570.7000 4.184050e-01
570.8000 4.184430e-01
570.9000 4.184800e-01
571.0000 4.185170e-01
571.1000 4.185660e-01
571.2000 4.186150e-01
571.3000 4.186640e-01
571.4000 4.187130e-01
571.5000 4.187620e-01
571.6000 4.188100e-01
571.7000 4.188590e-01
571.8000 4.189080e-01
571.9000 4.189570e-01
572.0000 4.190060e-01
572.1000 4.190240e-01
572.2000 4.190430e-01
572.3000 4.190610e-01
572.4000 4.190790e-01
572.5000 4.190980e-01
572.6000 4.191160e-01
572.7000 4.191350e-01
572.8000 4.191530e-01
572.9000 4.191720e-01
573.0000 4.191900e-01
573.1000 4.193160e-01
573.2000 4.194430e-01
573.3000 4.195690e-01
573.4000 4.196950e-01
573.5000 4.198220e-01
573.6000 4.198530e-01
573.7000 4.198850e-01
573.8000 4.199160e-01
573.9000 4.199480e-01
574.0000 4.199790e-01
574.1000 4.200110e-01
574.2000 4.200420e-01
574.3000 4.200740e-01
574.4000 4.201060e-01
574.5000 4.201380e-01
574.6000 4.201690e-01
574.7000 4.202010e-01
574.8000 4.202330e-01
574.9000 4.202640e-01
575.0000 4.202960e-01
575.1000 4.204240e-01
575.2000 4.205520e-01
575.3000 4.206800e-01
575.4000 4.208080e-01
575.5000 4.209360e-01
575.6000 4.209680e-01
575.7000 4.210010e-01
575.8000 4.210340e-01
575.9000 4.210670e-01
576.0000 4.210990e-01
576.1000 4.212260e-01
576.2000 4.213530e-01
576.3000 4.214800e-01
576.4000 4.216070e-01
576.5000 4.217340e-01
576.6000 4.217650e-01
576.7000 4.217970e-01
576.8000 4.218290e-01
576.9000 4.218600e-01
577.0000 4.218920e-01
577.1000 4.220050e-01
577.2000 4.221180e-01
577.3000 4.222320e-01
577.4000 4.223450e-01
577.5000 4.224580e-01
577.6000 4.224760e-01
577.7000 4.224940e-01
577.8000 4.225120e-01
577.9000 4.225300e-01
578.0000 4.225480e-01
578.1000 4.226840e-01
578.2000 4.228200e-01
578.3000 4.229560e-01
578.4000 4.230930e-01
578.5000 4.232290e-01
578.6000 4.232690e-01
578.7000 4.233100e-01
578.8000 4.233510e-01
578.9000 4.233920e-01
579.0000 4.234330e-01
579.1000 4.235590e-01
579.2000 4.236860e-01
579.3000 4.238120e-01
579.4000 4.239390e-01
579.5000 4.240650e-01
579.6000 4.240970e-01
579.7000 4.241280e-01
579.8000 4.241590e-01
579.9000 4.241900e-01
580.0000 4.242210e-01
580.1000 4.242380e-01
580.2000 4.242550e-01
580.3000 4.242730e-01
580.4000 4.242900e-01
580.5000 4.243070e-01
580.6000 4.244190e-01
580.7000 4.245320e-01
580.8000 4.246440e-01
580.9000 4.247570e-01
581.0000 4.248700e-01
581.1000 4.248900e-01
581.2000 4.249100e-01
581.3000 4.249300e-01
581.4000 4.249500e-01
581.5000 4.249700e-01
581.6000 4.250860e-01
581.7000 4.252020e-01
581.8000 4.253180e-01
581.9000 4.254330e-01
582.0000 4.255490e-01
582.1000 4.255650e-01
582.2000 4.255810e-01
582.3000 4.255970e-01
582.4000 4.256130e-01
582.5000 4.256290e-01
582.6000 4.257400e-01
582.7000 4.258520e-01
582.8000 4.259640e-01
582.9000 4.260750e-01
583.0000 4.261870e-01
583.1000 4.262160e-01
583.2000 4.262450e-01
583.3000 4.262740e-01
583.4000 4.263030e-01
583.5000 4.263320e-01
583.6000 4.263610e-01
583.7000 4.263890e-01
583.8000 4.264180e-01
583.9000 4.264460e-01
584.0000 4.264750e-01
584.1000 4.265220e-01
584.2000 4.265690e-01
584.3000 4.266170e-01
584.4000 4.266650e-01
584.5000 4.267140e-01
584.6000 4.268580e-01
584.7000 4.270030e-01
584.8000 4.271480e-01
584.9000 4.272940e-01
585.0000 4.274410e-01
585.1000 4.274680e-01
585.2000 4.274950e-01
585.3000 4.275230e-01
585.4000 4.275530e-01
585.5000 4.275830e-01
585.6000 4.276140e-01
585.7000 4.276470e-01
585.8000 4.276810e-01
585.9000 4.277150e-01
586.0000 4.277510e-01
586.1000 4.277750e-01
586.2000 4.278000e-01
586.3000 4.278260e-01
586.4000 4.278510e-01
586.5000 4.278770e-01
586.6000 4.279020e-01
586.7000 4.279280e-01
586.8000 4.279530e-01
586.9000 4.279790e-01
587.0000 4.280050e-01
587.1000 4.279590e-01
587.2000 4.279140e-01
587.3000 4.278680e-01
587.4000 4.278230e-01
587.5000 4.277770e-01
587.6000 4.276340e-01
587.7000 4.274920e-01
587.8000 4.273500e-01
587.9000 4.272090e-01
588.0000 4.270670e-01
588.1000 4.268240e-01
588.2000 4.265800e-01
588.3000 4.263370e-01
588.4000 4.260940e-01
588.5000 4.258520e-01
588.6000 4.257060e-01
588.7000 4.255610e-01
588.8000 4.254160e-01
588.9000 4.252710e-01
589.0000 4.251250e-01
589.1000 4.251640e-01
589.2000 4.252010e-01
589.3000 4.252370e-01
589.4000 4.252710e-01
589.5000 4.253040e-01
589.6000 4.252390e-01
589.7000 4.251720e-01
589.8000 4.251030e-01
589.9000 4.250320e-01
590.0000 4.249590e-01
590.1000 4.251740e-01
590.2000 4.253870e-01
590.3000 4.255990e-01
590.4000 4.258080e-01
590.5000 4.260160e-01
590.6000 4.262210e-01
590.7000 4.264260e-01
590.8000 4.266280e-01
590.9000 4.268290e-01
591.0000 4.270290e-01
591.1000 4.269390e-01
591.2000 4.268490e-01
591.3000 4.267580e-01
591.4000 4.266670e-01
591.5000 4.265780e-01
591.6000 4.263930e-01
591.7000 4.262080e-01
591.8000 4.260230e-01
591.9000 4.258390e-01
592.0000 4.256550e-01
592.1000 4.256750e-01
592.2000 4.256960e-01
592.3000 4.257160e-01
592.4000 4.257370e-01
592.5000 4.257580e-01
592.6000 4.260680e-01
592.7000 4.263770e-01
592.8000 4.266860e-01
592.9000 4.269950e-01
593.0000 4.273040e-01
593.1000 4.274260e-01
593.2000 4.275490e-01
593.3000 4.276710e-01
593.4000 4.277940e-01
593.5000 4.279170e-01
593.6000 4.277500e-01
593.7000 4.275830e-01
593.8000 4.274170e-01
593.9000 4.272500e-01
594.0000 4.270850e-01
594.1000 4.267090e-01
594.2000 4.263350e-01
594.3000 4.259610e-01
594.4000 4.255900e-01
594.5000 4.252190e-01
594.6000 4.254280e-01
594.7000 4.256390e-01
594.8000 4.258510e-01
594.9000 4.260640e-01
595.0000 4.262790e-01
595.1000 4.266000e-01
595.2000 4.269230e-01
595.3000 4.272480e-01
595.4000 4.275740e-01
595.5000 4.279010e-01
595.6000 4.280380e-01
595.7000 4.281750e-01
595.8000 4.283150e-01
595.9000 4.284550e-01
596.0000 4.285970e-01
596.1000 4.286460e-01
596.2000 4.286960e-01
596.3000 4.287460e-01
596.4000 4.287960e-01
596.5000 4.288470e-01
596.6000 4.288000e-01
596.7000 4.287530e-01
596.8000 4.287060e-01
596.9000 4.286600e-01
597.0000 4.286130e-01
597.1000 4.286710e-01
597.2000 4.287280e-01
597.3000 4.287860e-01
597.4000 4.288430e-01
597.5000 4.289000e-01
597.6000 4.290540e-01
597.7000 4.292080e-01
597.8000 4.293620e-01
597.9000 4.295160e-01
598.0000 4.296700e-01
598.1000 4.297050e-01
598.2000 4.297410e-01
598.3000 4.297770e-01
598.4000 4.298130e-01
598.5000 4.298490e-01
598.6000 4.298860e-01
598.7000 4.299240e-01
598.8000 4.299620e-01
598.9000 4.300000e-01
599.0000 4.300380e-01
599.1000 4.301880e-01
599.2000 4.303370e-01
599.3000 4.304850e-01
599.4000 4.306310e-01
599.5000 4.307750e-01
599.6000 4.308210e-01
599.7000 4.308650e-01
599.8000 4.309070e-01
599.9000 4.309470e-01
600.0000 4.309850e-01
600.1000 4.311120e-01
600.2000 4.312370e-01
600.3000 4.313600e-01
600.4000 4.314810e-01
600.5000 4.316000e-01
600.6000 4.316210e-01
600.7000 4.316390e-01
600.8000 4.316560e-01
600.9000 4.316720e-01
601.0000 4.316870e-01
601.1000 4.317160e-01
601.2000 4.317450e-01
601.3000 4.317740e-01
601.4000 4.318030e-01
601.5000 4.318330e-01
601.6000 4.318640e-01
601.7000 4.318950e-01
601.8000 4.319260e-01
601.9000 4.319580e-01
602.0000 4.319890e-01
602.1000 4.320940e-01
602.2000 4.321990e-01
602.3000 4.323040e-01
602.4000 4.324100e-01
602.5000 4.325150e-01
602.6000 4.325230e-01
602.7000 4.325310e-01
602.8000 4.325390e-01
602.9000 4.325470e-01
603.0000 4.325550e-01
603.1000 4.325790e-01
603.2000 4.326040e-01
603.3000 4.326290e-01
603.4000 4.326540e-01
603.5000 4.326790e-01
603.6000 4.328010e-01
603.7000 4.329220e-01
603.8000 4.330440e-01
603.9000 4.331670e-01
604.0000 4.332900e-01
604.1000 4.332910e-01
604.2000 4.332920e-01
604.3000 4.332940e-01
604.4000 4.332980e-01
604.5000 4.333020e-01
604.6000 4.334050e-01
604.7000 4.335090e-01
604.8000 4.336140e-01
604.9000 4.337190e-01
605.0000 4.338260e-01
605.1000 4.338610e-01
605.2000 4.338960e-01
605.3000 4.339320e-01
605.4000 4.339680e-01
605.5000 4.340050e-01
605.6000 4.341390e-01
605.7000 4.342740e-01
605.8000 4.344090e-01
605.9000 4.345440e-01
606.0000 4.346800e-01
606.1000 4.347240e-01
606.2000 4.347680e-01
606.3000 4.348120e-01
606.4000 4.348550e-01
606.5000 4.348990e-01
606.6000 4.350400e-01
606.7000 4.351800e-01
606.8000 4.353200e-01
606.9000 4.354610e-01
607.0000 4.356020e-01
607.1000 4.356310e-01
607.2000 4.356600e-01
607.3000 4.356890e-01
607.4000 4.357180e-01
607.5000 4.357470e-01
607.6000 4.358730e-01
607.7000 4.359990e-01
607.8000 4.361250e-01
607.9000 4.362520e-01
608.0000 4.363780e-01
608.1000 4.364020e-01
608.2000 4.364270e-01
608.3000 4.364510e-01
608.4000 4.364760e-01
608.5000 4.365000e-01
608.6000 4.366220e-01
608.7000 4.367440e-01
608.8000 4.368660e-01
608.9000 4.369870e-01
609.0000 4.371090e-01
609.1000 4.371500e-01
609.2000 4.371910e-01
609.3000 4.372330e-01
609.4000 4.372740e-01
609.5000 4.373150e-01
609.6000 4.374540e-01
609.7000 4.375920e-01
609.8000 4.377310e-01
609.9000 4.378690e-01
610.0000 4.380080e-01
610.1000 4.381500e-01
610.2000 4.382920e-01
610.3000 4.384340e-01
610.4000 4.385750e-01
610.5000 4.387170e-01
610.6000 4.387620e-01
610.7000 4.388060e-01
610.8000 4.388510e-01
610.9000 4.388950e-01
611.0000 4.389400e-01
611.1000 4.390570e-01
611.2000 4.391740e-01
611.3000 4.392910e-01
611.4000 4.394080e-01
611.5000 4.395250e-01
611.6000 4.395440e-01
611.7000 4.395630e-01
611.8000 4.395830e-01
611.9000 4.396020e-01
612.0000 4.396220e-01
612.1000 4.397620e-01
612.2000 4.399030e-01
612.3000 4.400430e-01
612.4000 4.401840e-01
612.5000 4.403240e-01
612.6000 4.403670e-01
612.7000 4.404100e-01
612.8000 4.404530e-01
612.9000 4.404960e-01
613.0000 4.405390e-01
613.1000 4.406690e-01
613.2000 4.407980e-01
613.3000 4.409280e-01
613.4000 4.410570e-01
613.5000 4.411870e-01
613.6000 4.413160e-01
613.7000 4.414460e-01
613.8000 4.415750e-01
613.9000 4.417050e-01
614.0000 4.418350e-01
614.1000 4.418550e-01
614.2000 4.418750e-01
614.3000 4.418950e-01
614.4000 4.419150e-01
614.5000 4.419350e-01
614.6000 4.420530e-01
614.7000 4.421710e-01
614.8000 4.422890e-01
614.9000 4.424070e-01
615.0000 4.425240e-01
615.1000 4.425610e-01
615.2000 4.425970e-01
615.3000 4.426330e-01
615.4000 4.426690e-01
615.5000 4.427050e-01
615.6000 4.428390e-01
615.7000 4.429730e-01
615.8000 4.431070e-01
615.9000 4.432410e-01
616.0000 4.433750e-01
616.1000 4.434260e-01
616.2000 4.434780e-01
616.3000 4.435290e-01
616.4000 4.435810e-01
616.5000 4.436320e-01
616.6000 4.437820e-01
616.7000 4.439310e-01
616.8000 4.440810e-01
616.9000 4.442300e-01
617.0000 4.443800e-01
617.1000 4.444110e-01
617.2000 4.444430e-01
617.3000 4.444750e-01
617.4000 4.445060e-01
617.5000 4.445380e-01
617.6000 4.446680e-01
617.7000 4.447970e-01
617.8000 4.449270e-01
617.9000 4.450560e-01
618.0000 4.451860e-01
618.1000 4.452130e-01
618.2000 4.452390e-01
618.3000 4.452660e-01
618.4000 4.452930e-01
618.5000 4.453190e-01
618.6000 4.453460e-01
618.7000 4.453720e-01
618.8000 4.453990e-01
618.9000 4.454250e-01
619.0000 4.454520e-01
619.1000 4.455830e-01
619.2000 4.457150e-01
619.3000 4.458460e-01
619.4000 4.459770e-01
619.5000 4.461080e-01
619.6000 4.461410e-01
619.7000 4.461750e-01
619.8000 4.462080e-01
619.9000 4.462410e-01
620.0000 4.462740e-01
620.1000 4.463930e-01
620.2000 4.465120e-01
620.3000 4.466300e-01
620.4000 4.467490e-01
620.5000 4.468680e-01
620.6000 4.468890e-01
620.7000 4.469090e-01
620.8000 4.469300e-01
620.9000 4.469510e-01
621.0000 4.469710e-01
621.1000 4.470170e-01
621.2000 4.470620e-01
621.3000 4.471080e-01
621.4000 4.471530e-01
621.5000 4.471990e-01
621.6000 4.473430e-01
621.7000 4.474860e-01
621.8000 4.476300e-01
621.9000 4.477740e-01
622.0000 4.479180e-01
622.1000 4.479530e-01
622.2000 4.479870e-01
622.3000 4.480210e-01
622.4000 4.480560e-01
622.5000 4.480900e-01
622.6000 4.482230e-01
622.7000 4.483560e-01
622.8000 4.484890e-01
622.9000 4.486220e-01
623.0000 4.487550e-01
623.1000 4.487820e-01
623.2000 4.488090e-01
623.3000 4.488360e-01
623.4000 4.488640e-01
623.5000 4.488910e-01
623.6000 4.489180e-01
623.7000 4.489440e-01
623.8000 4.489710e-01
623.9000 4.489970e-01
624.0000 4.490240e-01
624.1000 4.491500e-01
624.2000 4.492750e-01
624.3000 4.494020e-01
624.4000 4.495280e-01
624.5000 4.496560e-01
624.6000 4.496850e-01
624.7000 4.497140e-01
624.8000 4.497440e-01
624.9000 4.497740e-01
625.0000 4.498050e-01
625.1000 4.498480e-01
625.2000 4.498910e-01
625.3000 4.499350e-01
625.4000 4.499810e-01
625.5000 4.500270e-01
625.6000 4.501740e-01
625.7000 4.503210e-01
625.8000 4.504700e-01
625.9000 4.506200e-01
626.0000 4.507710e-01
626.1000 4.508160e-01
626.2000 4.508610e-01
626.3000 4.509080e-01
626.4000 4.509540e-01
626.5000 4.510010e-01
626.6000 4.509480e-01
626.7000 4.508960e-01
626.8000 4.508430e-01
626.9000 4.507910e-01
627.0000 4.507390e-01
627.1000 4.498840e-01
627.2000 4.490280e-01
627.3000 4.481730e-01
627.4000 4.473170e-01
627.5000 4.464600e-01
627.6000 4.451100e-01
627.7000 4.437590e-01
627.8000 4.424090e-01
627.9000 4.410580e-01
628.0000 4.397070e-01
628.1000 4.402520e-01
628.2000 4.407970e-01
628.3000 4.413420e-01
628.4000 4.418870e-01
628.5000 4.424330e-01
628.6000 4.432760e-01
628.7000 4.441210e-01
628.8000 4.449660e-01
628.9000 4.458110e-01
629.0000 4.466550e-01
629.1000 4.467100e-01
629.2000 4.467630e-01
629.3000 4.468140e-01
629.4000 4.468640e-01
629.5000 4.469120e-01
629.6000 4.470570e-01
629.7000 4.472010e-01
629.8000 4.473420e-01
629.9000 4.474820e-01
630.0000 4.476190e-01
630.1000 4.480400e-01
630.2000 4.484590e-01
630.3000 4.488750e-01
630.4000 4.492900e-01
630.5000 4.497030e-01
630.6000 4.500150e-01
630.7000 4.503250e-01
630.8000 4.506340e-01
630.9000 4.509410e-01
631.0000 4.512470e-01
631.1000 4.514590e-01
631.2000 4.516700e-01
631.3000 4.518820e-01
631.4000 4.520930e-01
631.5000 4.523050e-01
631.6000 4.525190e-01
631.7000 4.527320e-01
631.8000 4.529460e-01
631.9000 4.531600e-01
632.0000 4.533740e-01
632.1000 4.535870e-01
632.2000 4.538000e-01
632.3000 4.540130e-01
632.4000 4.542260e-01
632.5000 4.544390e-01
632.6000 4.545530e-01
632.7000 4.546670e-01
632.8000 4.547800e-01
632.9000 4.548930e-01
633.0000 4.550070e-01
633.1000 4.551210e-01
633.2000 4.552360e-01
633.3000 4.553500e-01
633.4000 4.554650e-01
633.5000 4.555800e-01
633.6000 4.556950e-01
633.7000 4.558090e-01
633.8000 4.559240e-01
633.9000 4.560400e-01
634.0000 4.561560e-01
634.1000 4.561740e-01
634.2000 4.561930e-01
634.3000 4.562140e-01
634.4000 4.562350e-01
634.5000 4.562580e-01
634.6000 4.563810e-01
634.7000 4.565050e-01
634.8000 4.566310e-01
634.9000 4.567570e-01
635.0000 4.568850e-01
635.1000 4.569160e-01
635.2000 4.569490e-01
635.3000 4.569820e-01
635.4000 4.570150e-01
635.5000 4.570490e-01
635.6000 4.571830e-01
635.7000 4.573170e-01
635.8000 4.574510e-01
635.9000 4.575860e-01
636.0000 4.577210e-01
636.1000 4.577460e-01
636.2000 4.577710e-01
636.3000 4.577960e-01
636.4000 4.578210e-01
636.5000 4.578460e-01
636.6000 4.579690e-01
636.7000 4.580930e-01
636.8000 4.582160e-01
636.9000 4.583400e-01
637.0000 4.584640e-01
637.1000 4.584970e-01
637.2000 4.585310e-01
637.3000 4.585650e-01
637.4000 4.585980e-01
637.5000 4.586320e-01
637.6000 4.587650e-01
637.7000 4.588980e-01
637.8000 4.590310e-01
637.9000 4.591640e-01
638.0000 4.592970e-01
638.1000 4.593210e-01
638.2000 4.593440e-01
638.3000 4.593680e-01
638.4000 4.593920e-01
638.5000 4.594150e-01
638.6000 4.595390e-01
638.7000 4.596620e-01
638.8000 4.597850e-01
638.9000 4.599080e-01
639.0000 4.600310e-01
639.1000 4.600570e-01
639.2000 4.600820e-01
639.3000 4.601080e-01
639.4000 4.601330e-01
639.5000 4.601590e-01
639.6000 4.601840e-01
639.7000 4.602100e-01
639.8000 4.602350e-01
639.9000 4.602610e-01
640.0000 4.602860e-01
640.1000 4.604140e-01
640.2000 4.605410e-01
640.3000 4.606680e-01
640.4000 4.607950e-01
640.5000 4.609220e-01
640.6000 4.609500e-01
640.7000 4.609780e-01
640.8000 4.610050e-01
640.9000 4.610330e-01
641.0000 4.610610e-01
641.1000 4.611950e-01
641.2000 4.613290e-01
641.3000 4.614630e-01
641.4000 4.615980e-01
641.5000 4.617320e-01
641.6000 4.617670e-01
641.7000 4.618020e-01
641.8000 4.618360e-01
641.9000 4.618710e-01
642.0000 4.619060e-01
642.1000 4.619360e-01
642.2000 4.619670e-01
642.3000 4.619970e-01
642.4000 4.620280e-01
642.5000 4.620590e-01
642.6000 4.621890e-01
642.7000 4.623190e-01
642.8000 4.624490e-01
642.9000 4.625800e-01
643.0000 4.627100e-01
643.1000 4.627360e-01
643.2000 4.627620e-01
643.3000 4.627880e-01
643.4000 4.628140e-01
643.5000 4.628400e-01
643.6000 4.628660e-01
643.7000 4.628920e-01
643.8000 4.629180e-01
643.9000 4.629440e-01
644.0000 4.629700e-01
644.1000 4.631040e-01
644.2000 4.632390e-01
644.3000 4.633740e-01
644.4000 4.635090e-01
644.5000 4.636440e-01
644.6000 4.636790e-01
644.7000 4.637140e-01
644.8000 4.637500e-01
644.9000 4.637850e-01
645.0000 4.638200e-01
645.1000 4.638470e-01
645.2000 4.638740e-01
645.3000 4.639010e-01
645.4000 4.639280e-01
645.5000 4.639550e-01
645.6000 4.638830e-01
645.7000 4.638100e-01
645.8000 4.637370e-01
645.9000 4.636640e-01
646.0000 4.635910e-01
646.1000 4.635100e-01
646.2000 4.634280e-01
646.3000 4.633460e-01
646.4000 4.632640e-01
646.5000 4.631820e-01
646.6000 4.630000e-01
646.7000 4.628180e-01
646.8000 4.626360e-01
646.9000 4.624550e-01
647.0000 4.622730e-01
647.1000 4.622090e-01
647.2000 4.621460e-01
647.3000 4.620830e-01
647.4000 4.620200e-01
647.5000 4.619570e-01
647.6000 4.618930e-01
647.7000 4.618300e-01
647.8000 4.617670e-01
647.9000 4.617040e-01
648.0000 4.616400e-01
648.1000 4.618670e-01
648.2000 4.620940e-01
648.3000 4.623210e-01
648.4000 4.625480e-01
648.5000 4.627750e-01
648.6000 4.629030e-01
648.7000 4.630300e-01
648.8000 4.631590e-01
648.9000 4.632870e-01
649.0000 4.634150e-01
649.1000 4.634420e-01
649.2000 4.634680e-01
649.3000 4.634940e-01
649.4000 4.635200e-01
649.5000 4.635440e-01
649.6000 4.638680e-01
649.7000 4.641920e-01
649.8000 4.645140e-01
649.9000 4.648350e-01
650.0000 4.651560e-01
650.1000 4.653250e-01
650.2000 4.654940e-01
650.3000 4.656620e-01
650.4000 4.658280e-01
650.5000 4.659940e-01
650.6000 4.658590e-01
650.7000 4.657230e-01
650.8000 4.655860e-01
650.9000 4.654490e-01
651.0000 4.653110e-01
651.1000 4.650030e-01
651.2000 4.646950e-01
651.3000 4.643860e-01
651.4000 4.640770e-01
651.5000 4.637690e-01
651.6000 4.636610e-01
651.7000 4.635520e-01
651.8000 4.634430e-01
651.9000 4.633340e-01
652.0000 4.632250e-01
652.1000 4.635880e-01
652.2000 4.639510e-01
652.3000 4.643140e-01
652.4000 4.646760e-01
652.5000 4.650380e-01
652.6000 4.651990e-01
652.7000 4.653600e-01
652.8000 4.655210e-01
652.9000 4.656810e-01
653.0000 4.658420e-01
653.1000 4.657920e-01
653.2000 4.657430e-01
653.3000 4.656940e-01
653.4000 4.656460e-01
653.5000 4.655970e-01
653.6000 4.656490e-01
653.7000 4.657000e-01
653.8000 4.657520e-01
653.9000 4.658040e-01
654.0000 4.658560e-01
654.1000 4.657370e-01
654.2000 4.656180e-01
654.3000 4.655010e-01
654.4000 4.653840e-01
654.5000 4.652690e-01
654.6000 4.652550e-01
654.7000 4.652410e-01
654.8000 4.652290e-01
654.9000 4.652180e-01
655.0000 4.652090e-01
655.1000 4.651980e-01
655.2000 4.651880e-01
655.3000 4.651800e-01
655.4000 4.651720e-01
655.5000 4.651660e-01
655.6000 4.652590e-01
655.7000 4.653540e-01
655.8000 4.654490e-01
655.9000 4.655440e-01
656.0000 4.656400e-01
656.1000 4.657170e-01
656.2000 4.657930e-01
656.3000 4.658690e-01
656.4000 4.659460e-01
656.5000 4.660220e-01
656.6000 4.660970e-01
656.7000 4.661720e-01
656.8000 4.662470e-01
656.9000 4.663230e-01
657.0000 4.663980e-01
657.1000 4.663850e-01
657.2000 4.663710e-01
657.3000 4.663580e-01
657.4000 4.663450e-01
657.5000 4.663310e-01
657.6000 4.664180e-01
657.7000 4.665040e-01
657.8000 4.665900e-01
657.9000 4.666770e-01
658.0000 4.667630e-01
658.1000 4.668990e-01
658.2000 4.670340e-01
658.3000 4.671700e-01
658.4000 4.673060e-01
658.5000 4.674420e-01
658.6000 4.675780e-01
658.7000 4.677140e-01
658.8000 4.678500e-01
658.9000 4.679860e-01
659.0000 4.681220e-01
659.1000 4.681640e-01
659.2000 4.682060e-01
659.3000 4.682480e-01
659.4000 4.682890e-01
659.5000 4.683310e-01
659.6000 4.684730e-01
659.7000 4.686150e-01
659.8000 4.687570e-01
659.9000 4.688990e-01
660.0000 4.690410e-01
660.1000 4.690050e-01
660.2000 4.689700e-01
660.3000 4.689350e-01
660.4000 4.689000e-01
660.5000 4.688640e-01
660.6000 4.689290e-01
660.7000 4.689930e-01
660.8000 4.690580e-01
660.9000 4.691230e-01
661.0000 4.691870e-01
661.1000 4.691740e-01
661.2000 4.691610e-01
661.3000 4.691480e-01
661.4000 4.691350e-01
661.5000 4.691220e-01
661.6000 4.692090e-01
661.7000 4.692950e-01
661.8000 4.693820e-01
661.9000 4.694690e-01
662.0000 4.695550e-01
662.1000 4.695380e-01
662.2000 4.695210e-01
662.3000 4.695040e-01
662.4000 4.694870e-01
662.5000 4.694700e-01
662.6000 4.694530e-01
662.7000 4.694360e-01
662.8000 4.694190e-01
662.9000 4.694020e-01
663.0000 4.693850e-01
663.1000 4.694580e-01
663.2000 4.695310e-01
663.3000 4.696040e-01
663.4000 4.696770e-01
663.5000 4.697500e-01
663.6000 4.697230e-01
663.7000 4.696980e-01
663.8000 4.696720e-01
663.9000 4.696460e-01
664.0000 4.696200e-01
664.1000 4.696210e-01
664.2000 4.696220e-01
664.3000 4.696220e-01
664.4000 4.696210e-01
664.5000 4.696200e-01
664.6000 4.697170e-01
664.7000 4.698130e-01
664.8000 4.699090e-01
664.9000 4.700030e-01
665.0000 4.700970e-01
665.1000 4.700580e-01
665.2000 4.700180e-01
665.3000 4.699770e-01
665.4000 4.699350e-01
665.5000 4.698920e-01
665.6000 4.698480e-01
665.7000 4.698040e-01
665.8000 4.697590e-01
665.9000 4.697130e-01
666.0000 4.696670e-01
666.1000 4.697370e-01
666.2000 4.698060e-01
666.3000 4.698760e-01
666.4000 4.699460e-01
666.5000 4.700160e-01
666.6000 4.699870e-01
666.7000 4.699590e-01
666.8000 4.699310e-01
666.9000 4.699030e-01
667.0000 4.698750e-01
667.1000 4.698410e-01
667.2000 4.698060e-01
667.3000 4.697710e-01
667.4000 4.697360e-01
667.5000 4.697000e-01
667.6000 4.697630e-01
667.7000 4.698250e-01
667.8000 4.698860e-01
667.9000 4.699460e-01
668.0000 4.700060e-01
668.1000 4.700210e-01
668.2000 4.700360e-01
668.3000 4.700510e-01
668.4000 4.700660e-01
668.5000 4.700800e-01
668.6000 4.700940e-01
668.7000 4.701070e-01
668.8000 4.701210e-01
668.9000 4.701350e-01
669.0000 4.701490e-01
669.1000 4.702630e-01
669.2000 4.703780e-01
669.3000 4.704940e-01
669.4000 4.706120e-01
669.5000 4.707320e-01
669.6000 4.707530e-01
669.7000 4.707760e-01
669.8000 4.708010e-01
669.9000 4.708270e-01
670.0000 4.708540e-01
670.1000 4.708100e-01
670.2000 4.707670e-01
670.3000 4.707250e-01
670.4000 4.706840e-01
670.5000 4.706440e-01
670.6000 4.707030e-01
670.7000 4.707640e-01
670.8000 4.708250e-01
670.9000 4.708860e-01
671.0000 4.709480e-01
671.1000 4.709500e-01
671.2000 4.709520e-01
671.3000 4.709530e-01
671.4000 4.709550e-01
671.5000 4.709560e-01
671.6000 4.709560e-01
671.7000 4.709570e-01
671.8000 4.709570e-01
671.9000 4.709580e-01
672.0000 4.709580e-01
672.1000 4.710100e-01
672.2000 4.710620e-01
672.3000 4.711140e-01
672.4000 4.711660e-01
672.5000 4.712180e-01
672.6000 4.711710e-01
672.7000 4.711230e-01
672.8000 4.710760e-01
672.9000 4.710280e-01
673.0000 4.709810e-01
673.1000 4.709580e-01
673.2000 4.709360e-01
673.3000 4.709130e-01
673.4000 4.708910e-01
673.5000 4.708680e-01
673.6000 4.708450e-01
673.7000 4.708230e-01
673.8000 4.708000e-01
673.9000 4.707770e-01
674.0000 4.707550e-01
674.1000 4.708560e-01
674.2000 4.709580e-01
674.3000 4.710600e-01
674.4000 4.711620e-01
674.5000 4.712630e-01
674.6000 4.712660e-01
674.7000 4.712680e-01
674.8000 4.712710e-01
674.9000 4.712730e-01
675.0000 4.712750e-01
675.1000 4.712360e-01
675.2000 4.711970e-01
675.3000 4.711580e-01
675.4000 4.711190e-01
675.5000 4.710800e-01
675.6000 4.710410e-01
675.7000 4.710020e-01
675.8000 4.709630e-01
675.9000 4.709240e-01
676.0000 4.708850e-01
676.1000 4.709810e-01
676.2000 4.710760e-01
676.3000 4.711710e-01
676.4000 4.712660e-01
676.5000 4.713610e-01
676.6000 4.713570e-01
676.7000 4.711060e-01
676.8000 4.708550e-01
676.9000 4.699120e-01
677.0000 4.689690e-01
677.1000 4.680360e-01
677.2000 4.671030e-01
677.3000 4.661700e-01
677.4000 4.652370e-01
677.5000 4.643030e-01
677.6000 4.634680e-01
677.7000 4.626320e-01
677.8000 4.617950e-01
677.9000 4.609580e-01
678.0000 4.601210e-01
678.1000 4.591600e-01
678.2000 4.582000e-01
678.3000 4.572640e-01
678.4000 4.563280e-01
678.5000 4.553920e-01
678.6000 4.544560e-01
678.7000 4.535200e-01
678.8000 4.525840e-01
678.9000 4.516480e-01
679.0000 4.507120e-01
679.1000 4.497710e-01
679.2000 4.488300e-01
679.3000 4.478650e-01
679.4000 4.469000e-01
679.5000 4.459590e-01
679.6000 4.450180e-01
679.7000 4.440780e-01
679.8000 4.431370e-01
679.9000 4.421960e-01
680.0000 4.412560e-01
680.1000 4.403810e-01
680.2000 4.395050e-01
680.3000 4.379120e-01
680.4000 4.363180e-01
680.5000 4.345000e-01
680.6000 4.325920e-01
680.7000 4.306590e-01
680.8000 4.287260e-01
680.9000 4.268180e-01
681.0000 4.249100e-01
681.1000 4.230160e-01
681.2000 4.211220e-01
681.3000 4.192040e-01
681.4000 4.172850e-01
681.5000 4.153920e-01
681.6000 4.134980e-01
681.7000 4.116050e-01
681.8000 4.097120e-01
681.9000 4.077940e-01
682.0000 4.058760e-01
682.1000 4.039680e-01
682.2000 4.020590e-01
682.3000 4.001510e-01
682.4000 3.982440e-01
682.5000 3.963110e-01
682.6000 3.944620e-01
682.7000 3.926370e-01
682.8000 3.908120e-01
682.9000 3.889860e-01
683.0000 3.871590e-01
683.1000 3.852270e-01
683.2000 3.832960e-01
683.3000 3.813890e-01
683.4000 3.794830e-01
683.5000 3.775770e-01
683.6000 3.756720e-01
683.7000 3.737670e-01
683.8000 3.718630e-01
683.9000 3.699340e-01
684.0000 3.680050e-01
684.1000 3.661030e-01
684.2000 3.642000e-01
684.3000 3.622970e-01
684.4000 3.603940e-01
684.5000 3.584660e-01
684.6000 3.565370e-01
684.7000 3.546330e-01
684.8000 3.527280e-01
684.9000 3.508230e-01
685.0000 3.489170e-01
685.1000 3.469890e-01
685.2000 3.450590e-01
685.3000 3.431550e-01
685.4000 3.412490e-01
685.5000 3.393440e-01
685.6000 3.370830e-01
685.7000 3.348030e-01
685.8000 3.325260e-01
685.9000 3.302770e-01
686.0000 3.280330e-01
686.1000 3.229890e-01
686.2000 3.179810e-01
686.3000 3.129860e-01
686.4000 3.080280e-01
686.5000 3.031310e-01
686.6000 2.937280e-01
686.7000 2.844150e-01
686.8000 2.751930e-01
686.9000 2.660390e-01
687.0000 2.569780e-01
687.1000 2.519150e-01
687.2000 2.468950e-01
687.3000 2.419180e-01
687.4000 2.369840e-01
687.5000 2.320740e-01
687.6000 2.344960e-01
687.7000 2.368870e-01
687.8000 2.392300e-01
687.9000 2.415230e-01
688.0000 2.437670e-01
688.1000 2.452790e-01
688.2000 2.467500e-01
688.3000 2.482020e-01
688.4000 2.496130e-01
688.5000 2.509840e-01
688.6000 2.484880e-01
688.7000 2.460020e-01
688.8000 2.435270e-01
688.9000 2.410420e-01
689.0000 2.385680e-01
689.1000 2.369140e-01
689.2000 2.352600e-01
689.3000 2.336070e-01
689.4000 2.319550e-01
689.5000 2.302820e-01
689.6000 2.296520e-01
689.7000 2.290300e-01
689.8000 2.283940e-01
689.9000 2.277430e-01
690.0000 2.270780e-01
690.1000 2.262060e-01
690.2000 2.253220e-01
690.3000 2.244480e-01
690.4000 2.235630e-01
690.5000 2.226650e-01
690.6000 2.218570e-01
690.7000 2.210140e-01
690.8000 2.201560e-01
690.9000 2.193080e-01
691.0000 2.184450e-01
691.1000 2.173380e-01
691.2000 2.162210e-01
691.3000 2.150710e-01
691.4000 2.139100e-01
691.5000 2.127620e-01
691.6000 2.115560e-01
691.7000 2.103410e-01
691.8000 2.091170e-01
691.9000 2.078590e-01
692.0000 2.065920e-01
692.1000 2.052690e-01
692.2000 2.039380e-01
692.3000 2.025980e-01
692.4000 2.012500e-01
692.5000 1.998690e-01
692.6000 1.983950e-01
692.7000 1.969380e-01
692.8000 1.954740e-01
692.9000 1.940030e-01
693.0000 1.925260e-01
693.1000 1.908040e-01
693.2000 1.890800e-01
693.3000 1.873770e-01
693.4000 1.856720e-01
693.5000 1.839650e-01
693.6000 1.821380e-01
693.7000 1.803110e-01
693.8000 1.784840e-01
693.9000 1.766330e-01
694.0000 1.747810e-01
694.1000 1.729760e-01
694.2000 1.711700e-01
694.3000 1.693630e-01
694.4000 1.675560e-01
694.5000 1.657240e-01
694.6000 1.639960e-01
694.7000 1.622900e-01
694.8000 1.605810e-01
694.9000 1.588690e-01
695.0000 1.571540e-01
695.1000 1.553520e-01
695.2000 1.535490e-01
695.3000 1.517690e-01
695.4000 1.499870e-01
695.5000 1.482030e-01
695.6000 1.463560e-01
695.7000 1.444850e-01
695.8000 1.426130e-01
695.9000 1.407660e-01
696.0000 1.389190e-01
696.1000 1.372400e-01
696.2000 1.355560e-01
696.3000 1.338430e-01
696.4000 1.321260e-01
696.5000 1.304280e-01
696.6000 1.287540e-01
696.7000 1.270740e-01
696.8000 1.253890e-01
696.9000 1.236740e-01
697.0000 1.219530e-01
697.1000 1.201080e-01
697.2000 1.182620e-01
697.3000 1.164150e-01
697.4000 1.145680e-01
697.5000 1.126950e-01
697.6000 1.107750e-01
697.7000 1.088810e-01
697.8000 1.069870e-01
697.9000 1.050940e-01
698.0000 1.032020e-01
698.1000 1.012380e-01
698.2000 9.927590e-02
698.3000 9.734130e-02
698.4000 9.540930e-02
698.5000 9.348000e-02
698.6000 9.151490e-02
698.7000 8.955390e-02
698.8000 8.759720e-02
698.9000 8.562020e-02
699.0000 8.364760e-02
699.1000 8.179350e-02
699.2000 7.993960e-02
699.3000 7.808580e-02
699.4000 7.623220e-02
699.5000 7.435430e-02
699.6000 7.250710e-02
699.7000 7.068290e-02
699.8000 6.885730e-02
699.9000 6.703020e-02
700.0000 6.520160e-02
700.1000 6.332250e-02
700.2000 6.144330e-02
700.3000 5.958860e-02
700.4000 5.773390e-02
700.5000 5.587920e-02
700.6000 5.402450e-02
700.7000 5.214540e-02
700.8000 5.026630e-02
700.9000 4.841170e-02
701.0000 4.655700e-02
701.1000 4.562840e-02
701.2000 4.469970e-02
701.3000 4.377120e-02
701.4000 4.284270e-02
701.5000 4.191420e-02
701.6000 4.099450e-02
701.7000 4.005000e-02
701.8000 3.910520e-02
701.9000 3.818450e-02
702.0000 3.726340e-02
702.1000 3.633510e-02
702.2000 3.540690e-02
702.3000 3.447860e-02
702.4000 3.355040e-02
702.5000 3.262220e-02
702.6000 3.170740e-02
702.7000 3.079180e-02
702.8000 2.987550e-02
702.9000 2.893390e-02
703.0000 2.799150e-02
703.1000 2.708510e-02
703.2000 2.617700e-02
703.3000 2.526740e-02
703.4000 2.435610e-02
703.5000 2.344320e-02
703.6000 2.250990e-02
703.7000 2.157660e-02
703.8000 2.064320e-02
703.9000 1.970970e-02
704.0000 1.877620e-02
704.1000 1.781710e-02
704.2000 1.685800e-02
704.3000 1.592360e-02
704.4000 1.498920e-02
704.5000 1.405490e-02
704.6000 1.312070e-02
704.7000 1.218650e-02
704.8000 1.125250e-02
704.9000 1.031850e-02
705.0000 9.384530e-03
705.1000 8.450710e-03
705.2000 7.516960e-03
705.3000 6.558700e-03
705.4000 5.600500e-03
705.5000 4.666930e-03
705.6000 3.734210e-03
705.7000 2.801150e-03
705.8000 1.867760e-03
705.9000 9.340470e-04
